13
-25
50
77
-94
-6
6
44
64
97
-48
-41
41
16
0
0
0
0
0
0
30
-55
50
14
-38
56
97
84
-97
-64
-65
-83
-17
93
0
0
0
0
0
0
89
-18
16
11
72
66
86
-10
-4
16
-24
-43
49
64
0
0
0
0
0
0
-13
-52
-75
-55
91
67
-90
-2
-78
56
69
99
-58
56
0
0
0
0
0
0
74
95
84
73
89
81
77
73
55
80
83
52
52
77
1
0
0
0
0
0
39
-45
-34
21
7
91
-37
-5
63
-86
43
-97
58
-10
0
1
0
0
0
0
-90
43
-22
36
-95
94
33
-81
9
71
78
73
-52
-4
0
0
1
0
0
0
49
-31
-18
-76
21
99
-53
6
-46
96
-25
67
-32
92
0
0
0
-1
0
0
59
-80
-2
31
-12
14
13
99
23
67
-7
77
-49
-46
0
0
0
0
-1
0
43
71
-41
41
72
52
8
-14
57
-96
-51
18
-71
-46
0
0
0
0
0
1
