66
21
8
51
54
75
53
94
68
73
69
0
14
48
-1
0
0
0
0
0
0
0
0
0
85
66
47
38
56
93
13
53
36
3
11
94
9
98
0
-1
0
0
0
0
0
0
0
0
59
25
55
24
6
31
6
15
54
38
80
21
15
96
0
0
-1
0
0
0
0
0
0
0
12
25
55
36
78
8
48
95
88
3
81
37
4
59
0
0
0
-1
0
0
0
0
0
0
57
62
11
75
18
64
88
34
0
76
32
86
54
54
0
0
0
0
-1
0
0
0
0
0
49
26
47
25
21
34
21
95
0
24
79
44
42
47
0
0
0
0
0
-1
0
0
0
0
24
20
48
74
79
74
82
59
4
21
29
78
24
64
0
0
0
0
0
0
-1
0
0
0
5
51
41
34
62
93
91
45
28
50
64
84
60
31
0
0
0
0
0
0
0
-1
0
0
4
15
48
27
57
57
44
94
17
16
15
12
32
39
0
0
0
0
0
0
0
0
-1
0
100
18
82
9
21
12
95
17
43
29
12
11
78
33
0
0
0
0
0
0
0
0
0
-1
