10 20
16
45
-96
17
48
67
78
15
-69
91
74
-72
-74
-7
0
0
0
0
0
0
-55
92
-56
73
-98
85
-51
-57
55
-6
-56
93
65
76
0
0
0
0
0
0
3
84
-98
17
14
-25
1
59
-95
56
12
-74
78
26
0
0
0
0
0
0
0
-14
-26
51
39
-10
75
-26
70
-24
89
-82
5
16
0
0
0
0
0
0
56
61
66
90
58
84
85
87
96
80
72
62
61
64
1
0
0
0
0
0
68
-94
-12
15
64
-35
1
12
14
-68
-49
61
46
5
0
1
0
0
0
0
-78
57
59
82
81
-80
-81
9
55
31
50
20
-84
-89
0
0
1
0
0
0
21
-68
10
-64
92
-74
74
60
76
91
-12
11
-74
-34
0
0
0
-1
0
0
35
-12
100
-77
13
64
-10
94
-32
-51
100
63
-87
-1
0
0
0
0
-1
0
40
-59
-41
74
-9
56
37
40
-76
-47
86
-13
-87
75
0
0
0
0
0
1
