10 20
-59
-14
43
-30
-76
-84
48
35
67
9
56
58
12
55
0
0
0
0
0
0
70
60
58
-96
57
-13
69
-75
-74
-69
79
-14
88
-87
0
0
0
0
0
0
35
-85
14
-23
58
63
-26
-5
-83
-48
68
65
53
64
0
0
0
0
0
0
-21
-56
-24
73
72
-53
27
32
-47
36
-17
-59
32
8
0
0
0
0
0
0
54
97
80
63
79
93
63
96
56
74
99
91
75
86
1
0
0
0
0
0
-4
32
65
47
84
-38
-19
81
66
-47
-83
-64
-23
42
0
-1
0
0
0
0
-32
34
37
9
-64
100
-16
34
34
46
-55
40
44
57
0
0
-1
0
0
0
97
57
-77
42
0
36
77
-45
45
46
58
-69
18
-36
0
0
0
1
0
0
32
11
81
97
-56
16
-54
62
-96
-49
31
-13
-18
18
0
0
0
0
1
0
33
94
50
29
77
-60
59
-47
71
-14
-50
-54
0
87
0
0
0
0
0
-1
