14
-99
30
4
75
9
-2
-51
30
68
0
-68
91
36
0
0
0
0
0
0
97
-73
23
16
60
-7
-24
-17
32
-45
95
4
-25
-14
0
0
0
0
0
0
-40
-49
69
-61
5
17
73
82
-19
-91
63
-25
99
67
0
0
0
0
0
0
38
33
74
45
-82
53
85
-94
-47
70
-80
-35
-76
83
0
0
0
0
0
0
17
38
79
-62
7
75
17
20
80
-8
26
-90
-31
22
-1
0
0
0
0
0
73
50
-42
10
79
-50
78
39
-68
-22
41
96
94
22
0
1
0
0
0
0
-22
50
-35
61
79
40
39
58
56
21
67
3
-1
70
0
0
1
0
0
0
25
6
23
9
35
96
37
51
71
55
21
37
82
99
0
0
0
1
0
0
72
3
88
87
12
81
27
48
56
53
4
65
55
18
0
0
0
0
1
0
59
99
45
23
0
74
77
18
84
59
62
43
47
41
0
0
0
0
0
1
