72
99
68
96
31
43
70
63
71
22
87
35
30
13
-1
0
0
0
0
0
0
0
0
0
91
86
94
53
57
72
41
82
75
83
80
22
14
71
0
-1
0
0
0
0
0
0
0
0
34
26
56
49
2
55
51
85
42
54
84
41
27
87
0
0
-1
0
0
0
0
0
0
0
43
9
5
90
8
11
95
74
26
51
10
25
91
19
0
0
0
-1
0
0
0
0
0
0
51
88
12
70
44
38
94
63
95
62
57
61
25
35
0
0
0
0
-1
0
0
0
0
0
29
63
6
33
69
28
31
14
23
34
78
88
79
14
0
0
0
0
0
-1
0
0
0
0
4
85
83
27
83
24
71
20
22
15
21
67
0
10
0
0
0
0
0
0
-1
0
0
0
31
68
67
33
21
77
97
10
78
34
72
56
28
88
0
0
0
0
0
0
0
-1
0
0
97
91
92
32
92
52
61
2
96
95
77
12
89
3
0
0
0
0
0
0
0
0
-1
0
36
19
30
20
26
97
73
41
30
82
1
93
6
2
0
0
0
0
0
0
0
0
0
-1
