-32
59
83
-3
-8
-50
-6
-88
-35
-46
-37
100
72
5
0
0
0
0
0
0
70
33
-7
-24
13
85
-75
7
-27
-93
-78
88
-81
96
0
0
0
0
0
0
-19
50
-10
52
88
39
88
69
-8
24
-60
58
70
-91
0
0
0
0
0
0
76
50
-9
27
-55
85
3
-89
-77
93
-62
26
91
-18
0
0
0
0
0
0
88
75
74
88
51
66
79
78
83
51
84
52
61
78
1
0
0
0
0
0
2
48
5
50
58
32
57
-90
100
52
-58
11
16
7
0
-1
0
0
0
0
51
59
3
-47
-58
-47
-63
-18
92
58
41
-56
51
-28
0
0
-1
0
0
0
-90
1
-17
-33
24
86
81
-9
-43
0
29
67
20
-37
0
0
0
-1
0
0
91
70
5
46
-13
-15
11
-88
67
68
70
77
36
22
0
0
0
0
1
0
-99
65
-65
81
58
76
-89
65
15
42
76
78
-57
35
0
0
0
0
0
1
