67
85
94
46
74
19
13
85
24
71
70
51
37
60
-1
0
0
0
0
0
0
0
0
0
18
45
52
54
31
90
24
46
11
29
24
75
27
3
0
-1
0
0
0
0
0
0
0
0
73
1
12
48
5
78
69
74
61
16
49
95
75
96
0
0
-1
0
0
0
0
0
0
0
10
27
56
57
63
50
14
17
58
35
66
26
98
58
0
0
0
-1
0
0
0
0
0
0
37
85
93
92
27
24
12
89
53
43
60
98
88
24
0
0
0
0
-1
0
0
0
0
0
26
35
20
73
74
77
90
9
35
20
10
77
23
92
0
0
0
0
0
-1
0
0
0
0
86
35
67
84
98
36
4
50
84
85
1
10
69
42
0
0
0
0
0
0
-1
0
0
0
43
78
4
93
96
44
51
22
93
1
12
35
57
18
0
0
0
0
0
0
0
-1
0
0
23
64
40
6
72
100
12
4
9
61
37
40
20
39
0
0
0
0
0
0
0
0
-1
0
68
99
61
52
14
88
15
59
49
58
75
35
56
63
0
0
0
0
0
0
0
0
0
-1
