4
23
25
21
5
100
27
28
60
32
95
89
58
84
-1
0
0
0
0
0
0
0
0
0
44
97
51
20
65
64
71
16
98
64
5
85
49
18
0
-1
0
0
0
0
0
0
0
0
56
15
58
67
100
23
10
23
93
64
40
25
68
60
0
0
-1
0
0
0
0
0
0
0
36
4
49
74
46
92
16
82
61
66
15
34
29
83
0
0
0
-1
0
0
0
0
0
0
70
47
20
86
37
16
82
86
89
60
94
47
18
65
0
0
0
0
-1
0
0
0
0
0
93
68
45
8
66
34
75
9
20
47
70
99
28
64
0
0
0
0
0
-1
0
0
0
0
3
88
94
17
68
53
28
60
94
92
70
18
68
83
0
0
0
0
0
0
-1
0
0
0
12
68
31
98
60
37
86
97
30
69
58
48
29
16
0
0
0
0
0
0
0
-1
0
0
23
52
2
0
59
51
74
72
94
42
6
78
23
99
0
0
0
0
0
0
0
0
-1
0
64
47
25
46
9
47
92
5
43
71
95
79
16
11
0
0
0
0
0
0
0
0
0
-1
