10 24
50
9
88
3
25
1
8
7
30
38
13
19
41
26
-1
0
0
0
0
0
0
0
0
0
94
50
4
38
10
8
89
71
42
35
82
48
32
90
0
-1
0
0
0
0
0
0
0
0
83
47
14
41
56
41
81
68
28
88
76
37
74
56
0
0
-1
0
0
0
0
0
0
0
97
58
75
80
99
28
39
35
0
89
21
77
28
24
0
0
0
-1
0
0
0
0
0
0
30
45
88
55
28
93
25
13
5
13
41
51
86
39
0
0
0
0
-1
0
0
0
0
0
99
22
15
45
59
58
42
69
34
52
60
97
30
40
0
0
0
0
0
-1
0
0
0
0
22
63
56
30
72
31
68
8
40
43
97
76
88
2
0
0
0
0
0
0
-1
0
0
0
76
81
63
64
16
15
39
22
91
91
26
76
73
5
0
0
0
0
0
0
0
-1
0
0
29
68
88
66
57
80
3
29
82
6
10
100
17
13
0
0
0
0
0
0
0
0
-1
0
59
32
43
96
96
96
94
27
10
7
1
9
53
50
0
0
0
0
0
0
0
0
0
-1
