10 24
4
98
46
66
39
25
80
45
98
83
13
97
25
35
-1
0
0
0
0
0
0
0
0
0
96
43
76
11
48
16
95
43
8
35
77
3
90
27
0
-1
0
0
0
0
0
0
0
0
20
88
35
65
26
45
25
46
59
68
90
55
94
7
0
0
-1
0
0
0
0
0
0
0
31
33
58
49
42
12
60
73
96
87
5
73
78
52
0
0
0
-1
0
0
0
0
0
0
26
77
38
13
75
78
9
94
8
69
3
65
52
14
0
0
0
0
-1
0
0
0
0
0
37
72
65
42
98
67
50
99
67
30
54
78
36
26
0
0
0
0
0
-1
0
0
0
0
3
46
55
90
94
43
41
74
26
67
68
89
89
32
0
0
0
0
0
0
-1
0
0
0
35
73
12
9
80
28
38
79
86
51
69
44
8
80
0
0
0
0
0
0
0
-1
0
0
38
27
4
71
60
97
93
70
49
87
9
51
41
17
0
0
0
0
0
0
0
0
-1
0
90
36
83
52
18
84
71
86
68
55
13
98
10
57
0
0
0
0
0
0
0
0
0
-1
