10 20
61
50
-96
3
89
-38
0
64
-33
94
-14
18
50
15
0
0
0
0
0
0
-72
-16
80
-47
52
91
71
-90
72
36
-54
91
-83
38
0
0
0
0
0
0
89
55
62
76
91
74
-34
32
16
-87
33
22
75
-80
0
0
0
0
0
0
42
-81
89
-70
28
20
-6
-11
94
0
37
-35
89
46
0
0
0
0
0
0
-58
63
-94
85
79
23
14
-89
-14
-96
7
28
54
99
1
0
0
0
0
0
-71
24
-18
28
68
-27
-12
67
-43
19
-75
74
26
54
0
1
0
0
0
0
-100
55
-45
19
19
56
68
63
85
43
33
63
47
91
0
0
1
0
0
0
99
88
63
45
42
65
33
44
72
61
17
88
82
31
0
0
0
1
0
0
42
81
25
73
98
80
29
35
13
42
59
68
89
91
0
0
0
0
1
0
25
93
28
68
37
23
53
93
26
3
48
19
49
90
0
0
0
0
0
1
