23
49
26
0
17
28
17
80
76
65
24
66
65
20
-1
0
0
0
0
0
0
0
0
0
13
80
9
55
72
95
57
59
10
29
37
60
27
12
0
-1
0
0
0
0
0
0
0
0
62
76
25
83
65
95
36
76
18
65
16
46
36
33
0
0
-1
0
0
0
0
0
0
0
72
2
6
52
62
52
81
84
36
92
96
24
33
80
0
0
0
-1
0
0
0
0
0
0
91
50
1
5
99
50
93
8
0
90
3
96
55
96
0
0
0
0
-1
0
0
0
0
0
15
54
44
81
47
77
67
81
30
1
23
87
14
65
0
0
0
0
0
-1
0
0
0
0
88
42
85
25
42
91
21
62
75
89
21
19
31
8
0
0
0
0
0
0
-1
0
0
0
27
15
70
1
67
40
65
49
75
86
33
14
41
36
0
0
0
0
0
0
0
-1
0
0
35
0
6
35
68
15
39
96
10
97
36
41
62
25
0
0
0
0
0
0
0
0
-1
0
85
86
48
46
46
73
78
10
54
91
42
32
24
58
0
0
0
0
0
0
0
0
0
-1
