-56
51
95
-56
97
-51
83
71
22
-53
81
-97
76
-18
0
0
0
0
0
0
66
84
21
-51
-39
-34
68
34
53
-51
-97
27
-3
10
0
0
0
0
0
0
84
-87
-12
57
75
6
-27
49
-59
-56
26
28
11
0
0
0
0
0
0
0
-42
-42
50
-22
12
-98
0
85
47
42
-62
76
-35
66
0
0
0
0
0
0
43
-54
-41
-17
-38
-28
77
25
92
89
5
-12
-32
29
-1
0
0
0
0
0
88
84
95
-57
87
76
-71
82
-76
82
58
-87
48
99
0
-1
0
0
0
0
34
22
68
-26
67
93
-71
-38
83
-68
-42
-3
25
61
0
0
-1
0
0
0
70
69
70
45
37
86
11
58
71
73
17
19
47
55
0
0
0
1
0
0
48
63
93
43
41
64
58
52
9
66
14
92
5
25
0
0
0
0
1
0
65
66
58
90
43
23
53
65
80
80
65
67
42
76
0
0
0
0
0
1
