64
47
44
35
11
52
66
97
82
54
25
20
3
32
-1
0
0
0
0
0
0
0
0
0
58
68
54
48
52
99
41
49
70
88
62
4
0
60
0
-1
0
0
0
0
0
0
0
0
27
16
6
77
99
14
36
39
35
0
12
94
64
70
0
0
-1
0
0
0
0
0
0
0
49
38
59
93
9
50
18
46
100
78
62
46
41
20
0
0
0
-1
0
0
0
0
0
0
30
28
12
47
73
16
95
76
67
26
76
36
3
41
0
0
0
0
-1
0
0
0
0
0
32
89
87
4
74
54
10
35
80
76
45
13
19
10
0
0
0
0
0
-1
0
0
0
0
7
80
5
71
90
60
92
34
9
72
69
51
88
45
0
0
0
0
0
0
-1
0
0
0
56
68
80
30
3
50
32
86
15
96
41
70
79
98
0
0
0
0
0
0
0
-1
0
0
43
3
42
52
5
43
83
13
14
5
56
66
94
11
0
0
0
0
0
0
0
0
-1
0
35
59
74
73
22
5
77
63
6
16
72
24
20
58
0
0
0
0
0
0
0
0
0
-1
