-42
100
-99
1
-71
64
97
-62
93
-45
-10
-20
90
3
0
0
0
0
0
0
60
15
-72
66
45
-26
31
-95
74
-49
-79
37
27
-19
0
0
0
0
0
0
63
36
17
36
-40
-57
-40
42
16
49
-80
23
53
-35
0
0
0
0
0
0
84
-80
10
46
-2
86
59
45
-92
27
-72
81
-19
66
0
0
0
0
0
0
-50
49
47
85
27
-34
84
-54
9
54
24
-100
-82
57
1
0
0
0
0
0
65
-63
-96
-96
84
36
58
-36
9
-28
87
49
96
-37
0
-1
0
0
0
0
81
-82
1
-49
75
73
65
-72
-17
17
-65
0
44
-27
0
0
-1
0
0
0
97
79
15
19
33
63
84
44
88
25
90
19
100
76
0
0
0
1
0
0
95
41
47
97
79
84
73
90
45
26
57
51
83
21
0
0
0
0
1
0
88
79
6
68
61
9
17
0
89
94
90
62
27
53
0
0
0
0
0
1
