94
62
54
94
-91
19
9
34
-99
73
-62
-9
-42
47
0
0
0
0
0
0
-1
63
70
54
-49
-76
-50
77
97
97
-9
83
-12
-38
0
0
0
0
0
0
32
89
40
50
62
-40
51
-23
90
97
88
-44
66
41
0
0
0
0
0
0
74
27
51
51
-77
46
-53
-83
19
-94
61
94
91
15
0
0
0
0
0
0
83
53
65
91
94
72
64
83
57
88
79
97
60
67
1
0
0
0
0
0
68
58
-89
-10
73
-79
22
60
30
89
-99
61
62
-33
0
1
0
0
0
0
3
-97
10
70
87
-96
-37
59
22
43
24
35
-33
-58
0
0
1
0
0
0
24
-55
-1
85
28
32
92
-21
-71
89
-61
-96
91
-22
0
0
0
-1
0
0
18
-67
99
-78
83
75
-58
-31
92
43
-20
-56
3
66
0
0
0
0
-1
0
43
24
20
93
-32
11
29
12
-73
50
63
-96
47
48
0
0
0
0
0
-1
