10 20
7
-56
-18
15
75
-10
-25
-64
18
-89
-16
67
57
64
0
0
0
0
0
0
-20
-95
25
-15
-97
53
-84
6
84
69
46
89
7
-14
0
0
0
0
0
0
-1
-90
76
1
17
45
-79
99
23
-74
45
57
49
-50
0
0
0
0
0
0
24
17
-58
-98
11
-99
83
76
83
-38
77
-26
-28
-8
0
0
0
0
0
0
86
61
94
94
92
69
100
87
82
69
89
94
60
52
1
0
0
0
0
0
-96
93
4
-78
39
30
-60
88
91
70
5
-10
-40
10
0
-1
0
0
0
0
37
62
67
46
27
-27
-30
-16
91
49
88
-50
-43
-77
0
0
1
0
0
0
-79
-30
-67
64
95
42
71
69
-97
-60
17
27
-61
53
0
0
0
1
0
0
88
76
-24
8
27
-86
32
-25
-73
67
95
-35
-42
-30
0
0
0
0
1
0
-10
-78
85
13
-69
8
-57
-100
99
65
93
87
21
28
0
0
0
0
0
1
