-9
48
61
93
70
45
-35
30
70
21
6
-26
-69
3
0
0
0
0
0
0
29
60
55
80
75
-43
63
1
65
12
53
-25
59
-60
0
0
0
0
0
0
28
-5
47
-76
29
34
38
-58
-80
-87
89
-2
-2
62
0
0
0
0
0
0
74
37
91
-34
-78
99
46
86
-15
-90
97
-52
18
-38
0
0
0
0
0
0
13
35
94
4
-50
97
65
47
22
-1
-37
56
-80
-97
-1
0
0
0
0
0
-40
-39
-100
-36
-96
43
48
29
42
96
29
79
68
-39
0
-1
0
0
0
0
-74
-56
14
18
73
87
-92
79
-59
17
-24
-82
82
94
0
0
1
0
0
0
73
17
51
52
98
40
10
21
41
100
17
59
26
17
0
0
0
1
0
0
6
72
49
70
96
34
55
84
23
78
61
61
37
38
0
0
0
0
1
0
70
72
64
31
68
16
21
20
93
97
50
49
34
90
0
0
0
0
0
1
