10 24
22
17
58
8
48
18
61
7
89
21
55
55
63
3
-1
0
0
0
0
0
0
0
0
0
12
58
11
5
9
5
72
65
90
67
54
53
35
40
0
-1
0
0
0
0
0
0
0
0
2
32
6
9
68
84
95
74
17
83
95
29
71
20
0
0
-1
0
0
0
0
0
0
0
81
93
81
10
14
31
38
100
26
62
53
19
62
15
0
0
0
-1
0
0
0
0
0
0
81
57
77
75
44
44
51
64
42
71
89
95
26
51
0
0
0
0
-1
0
0
0
0
0
18
94
56
54
30
98
88
76
72
70
17
54
97
8
0
0
0
0
0
-1
0
0
0
0
30
1
46
11
7
31
9
2
33
46
97
81
53
54
0
0
0
0
0
0
-1
0
0
0
56
5
89
57
98
44
54
16
12
84
50
0
41
72
0
0
0
0
0
0
0
-1
0
0
12
55
50
3
44
96
78
95
63
70
22
47
84
78
0
0
0
0
0
0
0
0
-1
0
65
74
41
16
38
57
55
9
36
98
12
43
52
19
0
0
0
0
0
0
0
0
0
-1
