50
-38
81
74
63
65
-55
42
-75
81
-32
86
40
59
0
0
0
0
0
0
84
35
47
-81
56
82
70
-72
-10
33
-43
37
5
71
0
0
0
0
0
0
-48
-15
-8
-49
53
-63
60
75
33
-46
-13
-51
38
45
0
0
0
0
0
0
43
-39
55
-93
87
-30
-39
20
-45
-4
6
-21
46
64
0
0
0
0
0
0
73
57
60
60
94
66
100
90
52
55
72
73
84
82
1
0
0
0
0
0
-7
87
-39
49
51
73
-14
59
-88
12
-31
68
-87
-100
0
-1
0
0
0
0
-99
93
-60
53
42
38
83
64
47
-94
-22
-86
25
-19
0
0
-1
0
0
0
-63
-50
14
91
-76
55
66
10
4
-35
77
53
4
59
0
0
0
1
0
0
25
-14
94
-32
-62
88
-95
26
36
-13
19
-72
-8
25
0
0
0
0
1
0
56
99
-33
-35
74
-40
57
57
50
77
5
53
42
-99
0
0
0
0
0
-1
