73
-37
-69
93
-45
26
74
63
25
97
23
-6
64
56
0
0
0
0
0
0
45
-32
49
77
-62
30
12
-34
-17
18
64
17
85
-61
0
0
0
0
0
0
59
78
-26
-70
4
-15
53
-76
79
76
-55
57
35
29
0
0
0
0
0
0
94
90
48
94
-38
18
-63
-4
-68
-3
30
6
40
-20
0
0
0
0
0
0
99
83
75
64
100
85
65
88
89
51
74
57
82
92
1
0
0
0
0
0
-8
67
-31
78
-38
-88
-7
-26
94
35
76
-60
-43
12
0
1
0
0
0
0
-92
67
82
81
74
73
-5
-31
75
-62
-38
-47
-16
-98
0
0
-1
0
0
0
-39
63
57
81
33
90
-35
93
-63
-43
27
55
-70
-22
0
0
0
-1
0
0
-13
-12
91
96
-22
18
30
39
51
7
-23
78
30
-67
0
0
0
0
1
0
81
-5
31
65
72
-69
31
-64
84
-53
-22
43
-25
71
0
0
0
0
0
1
