10 20
0
81
-75
93
49
97
83
85
40
24
73
61
17
49
0
0
0
0
0
0
-88
0
91
23
79
84
-78
-42
16
29
-64
5
36
-79
0
0
0
0
0
0
66
-5
-72
-18
13
-17
62
36
-43
75
52
-25
47
11
0
0
0
0
0
0
94
17
49
60
98
-44
-21
-30
-100
77
-58
53
-45
-52
0
0
0
0
0
0
100
93
54
73
59
51
55
90
56
74
69
75
68
50
1
0
0
0
0
0
97
-56
-69
-10
18
15
-16
38
-31
4
20
93
-40
-20
0
1
0
0
0
0
56
-26
-12
40
-44
38
-35
83
20
15
-93
-52
-75
96
0
0
-1
0
0
0
53
61
26
27
-69
-71
-21
-56
82
81
-48
51
46
-90
0
0
0
-1
0
0
41
-35
-77
-31
-14
-60
93
42
-64
87
79
-100
65
73
0
0
0
0
1
0
-19
36
14
-92
-92
-91
-88
47
79
86
97
81
-5
-1
0
0
0
0
0
1
