10 20
25
-96
-10
89
92
91
58
27
77
-16
-10
69
69
-53
0
0
0
0
0
0
-9
46
-38
12
-20
-17
86
-59
-43
43
16
21
25
68
0
0
0
0
0
0
64
79
-53
90
-18
39
-9
-42
-48
-24
-77
69
-27
-39
0
0
0
0
0
0
100
-62
-42
41
32
-36
-19
-87
95
-11
83
38
82
65
0
0
0
0
0
0
-80
-42
46
-64
60
24
94
-21
-37
40
41
73
16
-60
1
0
0
0
0
0
-94
64
86
100
-11
69
-92
37
-4
-14
85
-79
-81
-15
0
-1
0
0
0
0
-44
-33
-61
81
-46
30
36
58
-10
-39
-12
-6
45
7
0
0
1
0
0
0
98
80
96
6
50
43
73
5
3
10
38
78
36
80
0
0
0
1
0
0
89
56
100
24
56
42
98
75
42
1
4
75
36
33
0
0
0
0
1
0
85
35
36
12
62
100
90
54
43
39
28
7
78
78
0
0
0
0
0
1
