43
62
25
11
97
53
47
28
18
1
74
71
29
42
-1
0
0
0
0
0
0
0
0
0
35
78
25
43
69
22
1
8
99
82
82
92
59
3
0
-1
0
0
0
0
0
0
0
0
5
59
42
44
14
17
7
55
52
42
62
71
25
18
0
0
-1
0
0
0
0
0
0
0
57
76
88
78
4
16
95
51
89
22
15
0
79
22
0
0
0
-1
0
0
0
0
0
0
10
95
19
5
7
54
60
28
42
84
83
12
70
8
0
0
0
0
-1
0
0
0
0
0
70
27
33
61
54
96
32
48
82
7
72
1
79
45
0
0
0
0
0
-1
0
0
0
0
5
71
39
68
2
97
67
9
54
86
89
86
24
48
0
0
0
0
0
0
-1
0
0
0
75
34
41
12
61
100
23
53
27
98
38
84
34
96
0
0
0
0
0
0
0
-1
0
0
80
10
49
66
44
57
57
100
62
84
46
88
25
27
0
0
0
0
0
0
0
0
-1
0
29
14
71
29
14
24
46
57
22
98
76
41
86
73
0
0
0
0
0
0
0
0
0
-1
