10 24
70
17
94
35
99
44
22
51
100
98
14
25
35
92
-1
0
0
0
0
0
0
0
0
0
27
66
48
38
48
99
85
99
79
72
94
100
60
55
0
-1
0
0
0
0
0
0
0
0
94
43
48
6
0
67
28
54
43
20
44
83
88
59
0
0
-1
0
0
0
0
0
0
0
31
15
37
8
33
56
31
69
86
77
50
7
17
84
0
0
0
-1
0
0
0
0
0
0
98
19
59
32
94
100
58
42
29
69
95
92
24
88
0
0
0
0
-1
0
0
0
0
0
72
94
0
57
66
26
61
58
8
49
70
29
58
87
0
0
0
0
0
-1
0
0
0
0
97
1
18
84
81
86
80
0
22
10
99
92
99
91
0
0
0
0
0
0
-1
0
0
0
60
37
85
90
27
40
19
4
15
95
38
17
20
45
0
0
0
0
0
0
0
-1
0
0
51
4
87
46
0
93
26
26
53
24
80
93
45
19
0
0
0
0
0
0
0
0
-1
0
96
89
4
45
5
4
42
29
14
9
95
93
17
100
0
0
0
0
0
0
0
0
0
-1
