-16
44
14
5
96
57
95
-85
8
47
30
18
89
-79
0
0
0
0
0
0
23
99
71
-11
-4
22
-72
-43
-66
-22
-75
-35
85
66
0
0
0
0
0
0
37
-25
68
20
-77
20
-35
53
-21
80
-57
10
-38
86
0
0
0
0
0
0
-86
20
-21
47
59
92
-75
94
65
0
19
-70
55
80
0
0
0
0
0
0
91
57
91
61
54
50
53
64
64
62
94
61
99
69
1
0
0
0
0
0
86
20
-95
56
-93
52
-56
-56
-24
18
82
30
-69
59
0
-1
0
0
0
0
-75
70
0
91
24
43
-74
52
68
18
-3
-35
-67
-22
0
0
-1
0
0
0
68
4
-38
5
18
-81
15
93
91
23
-50
59
-52
-94
0
0
0
1
0
0
52
2
-88
-89
39
44
-34
100
3
-44
-14
-9
-6
52
0
0
0
0
-1
0
-31
-68
45
69
64
72
-25
-41
-61
-1
60
-27
-13
65
0
0
0
0
0
-1
