10 20
39
44
84
24
59
76
20
72
-67
-62
-49
-39
92
-83
0
0
0
0
0
0
13
-51
73
92
41
30
-8
-98
79
87
38
-79
-68
57
0
0
0
0
0
0
44
49
26
46
78
49
-89
33
-39
-24
-55
83
-83
-36
0
0
0
0
0
0
23
-12
-96
50
50
58
-11
55
-11
60
98
4
-43
88
0
0
0
0
0
0
83
60
64
97
62
50
53
94
85
93
68
63
80
95
1
0
0
0
0
0
64
26
-97
60
61
-80
-27
-95
95
-3
82
72
15
-63
0
1
0
0
0
0
-30
-94
37
87
-51
91
-76
84
2
-63
97
51
-48
-15
0
0
1
0
0
0
45
3
-74
58
49
-74
67
-50
-51
-75
86
60
77
-14
0
0
0
1
0
0
-75
8
-5
-19
-68
27
67
-23
69
24
-16
-97
63
77
0
0
0
0
-1
0
-93
29
6
-23
89
68
-99
-98
47
-51
99
83
-88
100
0
0
0
0
0
-1
