10 24
18
0
21
100
55
78
37
31
7
51
61
85
91
44
-1
0
0
0
0
0
0
0
0
0
29
49
18
63
96
72
45
35
96
71
32
4
18
6
0
-1
0
0
0
0
0
0
0
0
57
79
27
26
75
77
84
32
47
72
0
32
43
67
0
0
-1
0
0
0
0
0
0
0
35
42
62
97
11
92
17
8
57
55
2
72
93
38
0
0
0
-1
0
0
0
0
0
0
84
46
50
84
14
89
28
10
75
11
80
54
58
93
0
0
0
0
-1
0
0
0
0
0
77
4
9
10
74
3
44
66
5
82
63
29
75
12
0
0
0
0
0
-1
0
0
0
0
62
54
33
9
22
18
57
57
32
20
13
42
41
90
0
0
0
0
0
0
-1
0
0
0
22
48
15
27
13
11
55
59
42
85
88
7
42
28
0
0
0
0
0
0
0
-1
0
0
89
2
52
10
95
3
85
64
85
68
55
25
24
31
0
0
0
0
0
0
0
0
-1
0
69
52
83
85
32
74
82
19
27
61
11
38
49
46
0
0
0
0
0
0
0
0
0
-1
