10 20
88
40
-40
50
29
42
72
68
94
-2
-14
26
-12
30
0
0
0
0
0
0
-81
99
86
35
72
9
48
57
49
66
74
33
73
-21
0
0
0
0
0
0
82
-51
58
49
7
55
-40
60
-99
73
58
19
-40
48
0
0
0
0
0
0
93
-32
86
28
41
63
-19
-41
-53
87
-83
-25
16
83
0
0
0
0
0
0
90
95
61
65
75
81
73
92
89
60
66
76
76
70
1
0
0
0
0
0
100
70
87
-22
86
-27
31
99
84
27
-38
-4
-91
77
0
-1
0
0
0
0
-47
59
40
-49
22
85
86
59
35
-50
58
-82
37
75
0
0
-1
0
0
0
-85
-100
-34
99
35
58
4
68
63
48
-11
86
-12
-100
0
0
0
1
0
0
91
-16
5
-42
-39
-30
-62
94
76
-25
43
-52
47
-14
0
0
0
0
-1
0
-3
87
-6
37
53
71
48
-75
91
53
-13
-73
70
29
0
0
0
0
0
1
