98
-65
21
-59
-59
-76
-58
-30
66
49
86
-37
35
38
0
0
0
0
0
0
-15
47
-41
-36
60
3
-80
5
26
72
6
52
61
75
0
0
0
0
0
0
70
-46
-23
83
59
-18
31
-72
14
2
-53
19
32
33
0
0
0
0
0
0
-9
93
-59
32
23
-18
16
79
81
51
21
-14
92
-59
0
0
0
0
0
0
73
71
85
67
56
97
76
56
72
75
54
63
64
57
1
0
0
0
0
0
62
52
56
28
-42
-91
-32
-27
74
-14
85
-28
70
49
0
1
0
0
0
0
30
10
-9
-31
-7
-63
84
92
46
-5
-25
71
91
-96
0
0
-1
0
0
0
-61
80
64
-41
4
-14
-21
-37
64
-9
53
-52
-14
72
0
0
0
1
0
0
-31
-58
74
-48
71
54
31
9
-59
-40
74
-74
73
52
0
0
0
0
1
0
49
4
89
88
89
-28
30
11
31
93
98
3
1
37
0
0
0
0
0
1
