-27
-45
72
-34
85
33
0
13
79
34
26
24
37
10
0
0
0
0
0
0
-16
87
52
96
20
40
-78
-21
-25
-41
-40
-69
-46
87
0
0
0
0
0
0
-53
-58
-58
92
16
-23
11
31
-5
47
-43
82
-82
44
0
0
0
0
0
0
-87
64
-15
54
30
-56
35
-34
75
-33
66
28
-65
43
0
0
0
0
0
0
35
-29
7
7
-81
-58
-65
76
1
-9
65
-29
40
67
-1
0
0
0
0
0
86
70
33
-77
-93
64
-22
72
11
-65
-74
18
-13
28
0
-1
0
0
0
0
41
37
12
-6
48
12
-30
-10
-52
88
-24
-82
71
7
0
0
-1
0
0
0
63
45
29
46
2
53
69
5
39
46
4
5
0
34
0
0
0
1
0
0
85
100
82
10
66
26
54
32
3
4
25
13
92
78
0
0
0
0
1
0
-58
-85
-19
-34
-35
-80
-67
-11
-83
-32
-87
-9
-24
-74
0
0
0
0
0
-1
