62
-62
-3
84
41
-43
31
44
63
-14
13
-100
-68
20
0
0
0
0
0
0
9
24
89
-94
27
54
99
-76
16
-59
62
-45
-76
64
0
0
0
0
0
0
39
59
63
71
-11
-1
55
0
-82
14
29
51
4
68
0
0
0
0
0
0
53
80
-94
60
-39
-65
26
33
-12
74
79
-19
-6
76
0
0
0
0
0
0
21
83
66
31
19
2
-27
1
55
-36
-75
-52
-3
30
1
0
0
0
0
0
-16
47
71
-67
95
-25
-44
85
-48
85
-32
-16
8
54
0
1
0
0
0
0
13
65
-85
65
-10
4
72
95
-1
-24
-92
68
-36
-46
0
0
-1
0
0
0
58
22
13
11
99
97
29
3
24
0
56
48
17
20
0
0
0
1
0
0
17
18
31
6
20
65
7
74
55
37
44
99
90
84
0
0
0
0
1
0
79
80
90
56
98
76
37
66
57
88
70
12
4
55
0
0
0
0
0
1
