10 20
72
-71
13
81
-6
-83
2
5
27
18
-79
95
73
-39
0
0
0
0
0
0
-48
-25
4
-46
75
2
59
-44
-97
24
55
100
-84
32
0
0
0
0
0
0
92
86
85
10
-59
-7
-81
95
-98
68
16
71
-58
27
0
0
0
0
0
0
99
97
-76
18
70
54
23
94
32
-74
82
62
-48
-32
0
0
0
0
0
0
56
50
74
71
58
91
84
71
54
98
56
90
79
55
1
0
0
0
0
0
84
90
36
99
46
18
-8
11
-54
-26
98
-75
2
77
0
-1
0
0
0
0
36
-80
84
12
52
-32
69
-26
91
-67
8
37
90
54
0
0
-1
0
0
0
-97
6
51
19
-19
-23
65
-75
72
67
-59
86
2
-44
0
0
0
-1
0
0
-25
81
-12
31
-17
-52
5
6
52
56
23
-97
49
-36
0
0
0
0
-1
0
64
54
-93
47
-87
92
87
-98
-50
-1
52
99
81
-69
0
0
0
0
0
-1
