10 24
88
6
52
42
67
8
27
81
42
99
55
41
34
91
-1
0
0
0
0
0
0
0
0
0
16
14
21
60
15
22
20
91
16
65
88
79
67
8
0
-1
0
0
0
0
0
0
0
0
17
24
88
20
76
47
31
61
95
38
69
9
15
39
0
0
-1
0
0
0
0
0
0
0
71
94
90
65
81
47
81
42
3
95
73
75
61
52
0
0
0
-1
0
0
0
0
0
0
23
39
9
53
78
91
89
45
59
11
83
44
43
86
0
0
0
0
-1
0
0
0
0
0
17
42
92
8
57
74
27
75
72
44
40
37
93
88
0
0
0
0
0
-1
0
0
0
0
28
66
57
25
12
5
74
78
42
7
88
13
72
12
0
0
0
0
0
0
-1
0
0
0
55
68
48
49
7
49
60
43
45
21
45
2
88
87
0
0
0
0
0
0
0
-1
0
0
62
79
87
48
79
91
47
39
35
40
67
46
93
87
0
0
0
0
0
0
0
0
-1
0
2
22
2
22
79
22
18
98
87
9
4
54
15
61
0
0
0
0
0
0
0
0
0
-1
