52
57
0
52
64
52
79
31
24
8
38
14
16
16
-1
0
0
0
0
0
0
0
0
0
67
88
77
27
28
64
84
26
48
57
0
21
14
47
0
-1
0
0
0
0
0
0
0
0
63
76
43
79
6
14
28
46
81
1
35
41
25
65
0
0
-1
0
0
0
0
0
0
0
54
13
80
45
46
60
54
64
76
43
1
77
55
62
0
0
0
-1
0
0
0
0
0
0
22
81
68
46
28
19
77
48
75
77
88
4
89
41
0
0
0
0
-1
0
0
0
0
0
24
30
60
70
63
18
40
65
63
98
24
33
90
5
0
0
0
0
0
-1
0
0
0
0
79
21
11
45
30
88
64
70
43
93
93
75
50
19
0
0
0
0
0
0
-1
0
0
0
93
35
92
53
20
55
87
90
20
84
94
12
89
11
0
0
0
0
0
0
0
-1
0
0
79
96
76
46
35
26
17
68
95
71
42
83
58
67
0
0
0
0
0
0
0
0
-1
0
8
94
39
100
56
12
34
83
57
11
65
92
56
89
0
0
0
0
0
0
0
0
0
-1
