10 20
73
82
46
-60
-71
-56
-38
-34
-13
10
97
25
31
11
0
0
0
0
0
0
89
-76
81
8
-23
-58
65
-46
-11
58
-53
62
-19
-50
0
0
0
0
0
0
-61
55
20
78
67
-63
-70
63
-26
-3
81
47
-9
-3
0
0
0
0
0
0
-20
-94
-87
-17
61
91
53
10
27
-13
24
99
53
-94
0
0
0
0
0
0
-14
97
79
26
-4
44
42
10
-37
49
-24
-45
63
33
1
0
0
0
0
0
-28
-90
37
2
-76
93
76
44
63
-19
92
-41
48
38
0
-1
0
0
0
0
60
95
73
61
11
-35
23
84
53
-93
74
35
-52
85
0
0
-1
0
0
0
17
34
92
57
16
21
56
2
80
67
31
31
62
69
0
0
0
1
0
0
28
12
48
17
37
93
85
41
100
12
26
25
81
49
0
0
0
0
1
0
36
18
63
68
34
7
39
0
38
71
22
23
87
13
0
0
0
0
0
1
