-14
-6
24
15
43
57
33
-44
-58
99
92
-18
-15
84
0
0
0
0
0
0
-27
36
-57
-29
94
72
-81
15
-42
30
72
37
84
60
0
0
0
0
0
0
63
-13
89
91
-43
-43
-4
-40
46
18
21
-71
46
33
0
0
0
0
0
0
-58
-72
64
-4
61
-75
-57
23
82
59
14
-67
11
90
0
0
0
0
0
0
62
54
50
68
89
73
78
65
63
94
78
89
63
100
1
0
0
0
0
0
-75
86
99
65
-13
-12
-84
-95
-3
-27
-95
42
86
55
0
-1
0
0
0
0
100
16
-65
79
-24
-29
84
-25
3
-38
71
-28
57
93
0
0
-1
0
0
0
-47
30
66
83
3
56
-80
-32
-49
36
-17
30
85
30
0
0
0
-1
0
0
-48
84
-14
6
73
94
27
52
-100
-12
21
40
30
-46
0
0
0
0
-1
0
-34
54
-12
-79
88
9
-30
16
-100
72
12
52
-88
65
0
0
0
0
0
-1
