10 24
54
22
41
57
88
45
37
18
59
5
42
84
79
82
-1
0
0
0
0
0
0
0
0
0
40
2
63
43
1
77
8
53
92
84
73
95
53
43
0
-1
0
0
0
0
0
0
0
0
50
95
12
50
42
27
89
0
39
87
28
22
25
75
0
0
-1
0
0
0
0
0
0
0
62
59
21
1
56
0
92
88
92
31
89
37
36
46
0
0
0
-1
0
0
0
0
0
0
43
69
13
20
7
44
2
17
37
97
77
80
24
94
0
0
0
0
-1
0
0
0
0
0
98
3
48
89
30
35
80
6
4
15
47
55
70
45
0
0
0
0
0
-1
0
0
0
0
69
81
84
73
64
36
35
42
96
75
94
25
28
11
0
0
0
0
0
0
-1
0
0
0
90
65
83
18
2
29
14
16
99
80
41
36
81
23
0
0
0
0
0
0
0
-1
0
0
6
12
62
46
36
93
34
62
87
16
2
68
71
65
0
0
0
0
0
0
0
0
-1
0
55
89
7
44
85
46
79
100
0
17
3
6
39
36
0
0
0
0
0
0
0
0
0
-1
