98
61
43
28
-75
69
8
-52
-29
-97
25
-56
55
98
0
0
0
0
0
0
-9
-66
80
-72
89
27
-70
12
-18
77
-69
17
47
53
0
0
0
0
0
0
100
-18
6
81
-98
66
93
-21
0
-100
-78
94
60
-48
0
0
0
0
0
0
-98
86
62
-45
61
42
65
-47
-33
98
38
45
52
-70
0
0
0
0
0
0
99
96
84
93
90
76
95
61
100
98
52
95
95
54
1
0
0
0
0
0
-31
-19
-13
33
60
8
-43
43
10
41
14
74
-64
29
0
1
0
0
0
0
30
-13
-12
-87
2
41
87
-46
-57
66
29
73
39
-81
0
0
-1
0
0
0
-3
56
12
-86
-24
3
80
-33
-7
52
28
-98
89
84
0
0
0
1
0
0
29
-87
27
-3
5
-40
37
83
63
-12
-14
78
7
-71
0
0
0
0
-1
0
10
93
80
41
18
-30
37
-64
-7
-60
85
-34
90
-88
0
0
0
0
0
-1
