24
100
69
31
51
75
-12
-71
-40
24
-67
-2
96
-88
0
0
0
0
0
0
-4
90
-60
56
-78
51
-70
-35
42
21
-52
77
71
86
0
0
0
0
0
0
-84
-91
-87
81
32
85
60
92
11
-7
-10
58
-81
33
0
0
0
0
0
0
0
-6
53
96
48
71
-39
79
-66
-41
-81
73
-90
80
0
0
0
0
0
0
92
82
66
68
81
81
98
97
58
59
83
90
53
75
1
0
0
0
0
0
38
93
-52
-67
21
-7
-29
-63
85
58
27
21
-26
54
0
1
0
0
0
0
98
71
-9
88
-17
-50
77
-86
55
-39
-48
-6
10
-35
0
0
-1
0
0
0
82
4
39
79
-60
-65
-14
28
40
-96
-17
-53
93
29
0
0
0
-1
0
0
62
50
34
7
81
-92
-55
-14
89
8
95
30
97
-1
0
0
0
0
-1
0
11
-59
-26
-68
38
99
-52
-49
45
95
-65
51
-51
97
0
0
0
0
0
-1
