77
-77
11
-14
-88
84
-72
26
61
-68
82
10
11
7
0
0
0
0
0
0
33
47
-72
70
31
54
68
-99
-72
-39
21
86
-19
73
0
0
0
0
0
0
-60
46
72
-16
73
29
-11
14
-71
-25
-55
13
90
-91
0
0
0
0
0
0
-69
-91
-59
64
3
12
-63
35
10
14
70
41
46
37
0
0
0
0
0
0
57
55
91
74
80
74
82
56
75
55
89
68
93
98
1
0
0
0
0
0
55
-23
51
8
-94
-51
58
-68
-2
66
63
21
51
-4
0
1
0
0
0
0
76
86
-66
41
-9
-60
-56
53
25
-55
-4
-59
33
48
0
0
-1
0
0
0
42
71
-24
-15
13
31
-5
-81
70
33
-10
38
50
30
0
0
0
-1
0
0
29
9
0
-85
100
-1
85
-26
-11
75
61
-35
64
14
0
0
0
0
-1
0
-96
33
-42
-96
66
35
37
60
5
83
100
74
-94
-33
0
0
0
0
0
1
