10 20
-38
69
39
6
8
52
75
-27
90
6
-39
-14
63
-64
0
0
0
0
0
0
96
-77
67
40
54
-1
4
27
87
78
-67
-99
-19
57
0
0
0
0
0
0
92
73
91
-92
10
-85
-44
86
-79
-98
1
32
90
64
0
0
0
0
0
0
-65
-99
95
-41
22
10
49
-9
-73
70
1
79
12
75
0
0
0
0
0
0
87
77
72
64
69
56
68
61
89
99
83
72
99
69
1
0
0
0
0
0
36
24
59
-89
43
91
2
-41
-68
-80
71
-25
82
53
0
-1
0
0
0
0
-93
-10
63
65
6
39
54
98
84
54
-100
-28
-12
-56
0
0
-1
0
0
0
-42
-44
75
-32
-6
17
93
2
-13
-97
46
76
-33
72
0
0
0
-1
0
0
34
-57
10
47
55
-15
-44
56
39
3
-54
30
-61
-21
0
0
0
0
-1
0
63
80
75
-10
76
0
74
98
-36
-49
43
68
-77
29
0
0
0
0
0
-1
