41
48
12
1
54
76
37
64
23
19
21
9
57
12
-1
0
0
0
0
0
0
0
0
0
57
21
4
42
5
51
11
26
74
97
78
36
59
82
0
-1
0
0
0
0
0
0
0
0
89
83
73
24
18
4
91
2
12
79
15
42
64
70
0
0
-1
0
0
0
0
0
0
0
85
15
77
45
26
63
73
86
29
92
69
70
45
4
0
0
0
-1
0
0
0
0
0
0
20
35
54
23
88
14
18
59
96
73
47
47
16
8
0
0
0
0
-1
0
0
0
0
0
78
55
93
2
62
62
39
66
52
46
3
53
69
64
0
0
0
0
0
-1
0
0
0
0
91
87
1
79
17
99
57
4
90
87
96
40
79
53
0
0
0
0
0
0
-1
0
0
0
45
84
24
45
32
61
87
52
33
41
44
77
6
95
0
0
0
0
0
0
0
-1
0
0
8
86
44
100
92
55
4
74
66
83
8
25
68
7
0
0
0
0
0
0
0
0
-1
0
83
57
37
55
95
27
5
56
100
89
39
12
67
11
0
0
0
0
0
0
0
0
0
-1
