53
10
13
77
91
44
57
60
98
83
9
84
19
73
-1
0
0
0
0
0
0
0
0
0
64
10
45
94
74
62
7
71
30
87
57
97
20
29
0
-1
0
0
0
0
0
0
0
0
21
24
94
97
28
7
84
51
88
79
87
67
53
95
0
0
-1
0
0
0
0
0
0
0
78
50
40
56
51
62
23
95
29
79
94
90
80
98
0
0
0
-1
0
0
0
0
0
0
30
79
54
12
18
68
89
54
91
29
0
87
85
95
0
0
0
0
-1
0
0
0
0
0
17
84
29
61
100
35
25
23
68
38
60
40
7
38
0
0
0
0
0
-1
0
0
0
0
63
58
79
4
48
79
25
98
85
43
17
48
12
49
0
0
0
0
0
0
-1
0
0
0
54
32
66
96
55
97
22
18
66
56
91
88
4
46
0
0
0
0
0
0
0
-1
0
0
70
30
37
95
18
89
60
37
81
51
29
66
60
72
0
0
0
0
0
0
0
0
-1
0
11
95
64
34
100
53
45
99
94
71
77
96
51
10
0
0
0
0
0
0
0
0
0
-1
