10 24
67
36
47
80
61
1
15
89
21
6
20
71
50
92
-1
0
0
0
0
0
0
0
0
0
7
51
81
3
40
57
25
84
8
91
90
55
31
35
0
-1
0
0
0
0
0
0
0
0
39
3
10
23
44
63
99
89
22
36
100
44
57
62
0
0
-1
0
0
0
0
0
0
0
9
43
12
37
11
23
85
25
82
22
22
32
93
45
0
0
0
-1
0
0
0
0
0
0
57
80
54
21
41
12
21
54
71
1
12
36
32
88
0
0
0
0
-1
0
0
0
0
0
8
9
16
75
10
61
89
33
73
95
73
20
37
53
0
0
0
0
0
-1
0
0
0
0
2
37
82
13
58
71
58
93
82
75
96
31
32
57
0
0
0
0
0
0
-1
0
0
0
99
29
21
58
19
24
45
14
83
48
94
28
35
18
0
0
0
0
0
0
0
-1
0
0
50
18
0
51
69
69
18
62
43
25
59
11
34
19
0
0
0
0
0
0
0
0
-1
0
20
12
25
27
60
25
83
58
79
82
41
81
84
32
0
0
0
0
0
0
0
0
0
-1
