10 24
95
15
11
0
86
0
14
12
70
67
18
47
37
6
-1
0
0
0
0
0
0
0
0
0
77
78
73
64
41
23
59
21
81
54
60
1
40
76
0
-1
0
0
0
0
0
0
0
0
61
25
50
16
2
48
27
5
40
65
54
21
3
35
0
0
-1
0
0
0
0
0
0
0
48
28
89
57
52
20
50
10
68
33
76
78
3
73
0
0
0
-1
0
0
0
0
0
0
86
75
95
17
35
45
62
53
91
42
38
86
80
68
0
0
0
0
-1
0
0
0
0
0
38
22
95
25
43
13
28
88
96
94
13
67
89
25
0
0
0
0
0
-1
0
0
0
0
43
3
27
1
0
18
62
9
62
57
10
82
85
46
0
0
0
0
0
0
-1
0
0
0
38
10
99
86
66
11
26
21
40
77
6
57
54
74
0
0
0
0
0
0
0
-1
0
0
34
49
31
64
0
75
67
11
93
10
50
68
2
73
0
0
0
0
0
0
0
0
-1
0
69
21
25
59
20
12
95
91
12
9
16
48
82
15
0
0
0
0
0
0
0
0
0
-1
