10 20
-15
51
87
87
-31
-15
3
-95
11
13
-32
-12
-50
54
0
0
0
0
0
0
84
92
-71
20
21
79
-56
5
66
88
-32
-78
-19
36
0
0
0
0
0
0
-13
-55
88
73
61
-96
84
-67
60
46
80
68
66
18
0
0
0
0
0
0
27
38
3
59
98
-24
-96
98
-35
91
95
-73
16
-69
0
0
0
0
0
0
-50
-17
88
93
-73
88
-1
-28
89
17
79
-42
-90
-24
-1
0
0
0
0
0
46
-36
39
84
-13
-99
-38
95
-87
-81
88
76
28
-14
0
-1
0
0
0
0
-42
98
82
-48
-35
47
50
-79
-31
-6
-7
29
-49
54
0
0
1
0
0
0
44
1
52
38
67
26
53
75
100
95
87
18
5
68
0
0
0
1
0
0
23
0
39
60
68
35
54
86
65
49
73
87
32
7
0
0
0
0
1
0
61
51
34
79
75
20
91
81
7
79
40
23
27
51
0
0
0
0
0
1
