-48
52
-14
26
92
7
-68
-26
88
50
32
-86
-88
79
0
0
0
0
0
0
78
12
58
63
77
79
32
-86
-17
-91
92
60
21
65
0
0
0
0
0
0
-95
-25
-45
97
94
-47
23
87
28
-88
63
58
-16
-76
0
0
0
0
0
0
-44
51
70
87
-68
4
-45
-41
40
59
85
74
76
-61
0
0
0
0
0
0
-65
77
46
27
-68
27
58
95
62
-86
-48
-76
-38
63
1
0
0
0
0
0
84
-72
-38
3
-38
-97
50
77
85
64
86
-65
-63
-27
0
1
0
0
0
0
-99
41
44
41
-50
27
64
85
-77
95
69
14
-6
61
0
0
1
0
0
0
33
92
100
34
62
93
58
63
89
29
45
90
62
51
0
0
0
1
0
0
30
22
17
53
54
81
76
84
89
27
33
2
42
46
0
0
0
0
1
0
34
69
45
43
76
75
40
26
5
12
74
1
74
39
0
0
0
0
0
1
