73
32
-33
-100
100
-56
-19
56
-86
68
-80
86
89
-11
0
0
0
0
0
0
-2
-59
50
-93
3
75
-63
99
45
57
12
52
34
13
0
0
0
0
0
0
-85
68
-43
-10
-39
12
-4
74
94
41
-38
-84
54
16
0
0
0
0
0
0
14
78
36
-49
99
6
79
89
75
33
-5
83
-43
75
0
0
0
0
0
0
73
78
74
75
70
60
63
62
98
82
64
78
58
71
1
0
0
0
0
0
-35
2
13
68
23
23
72
84
-4
-60
-43
97
-82
-40
0
1
0
0
0
0
92
-12
17
-52
-41
-83
95
-89
32
72
-18
-78
10
58
0
0
1
0
0
0
-62
88
91
-60
-19
-38
-62
55
83
-28
24
87
-27
1
0
0
0
-1
0
0
52
-67
59
-64
54
-39
89
-58
25
90
-10
98
90
58
0
0
0
0
1
0
6
100
-52
-31
52
21
35
-73
79
-50
-94
1
11
60
0
0
0
0
0
1
