65
92
-52
44
-30
73
25
-18
24
-21
57
26
16
-62
0
0
0
0
0
0
-25
-22
73
8
-78
82
22
7
25
18
28
89
-23
-9
0
0
0
0
0
0
2
94
44
5
12
60
-5
18
70
65
21
12
79
-37
0
0
0
0
0
0
89
65
-98
-35
-82
-70
16
70
-46
99
-14
85
68
56
0
0
0
0
0
0
64
67
53
89
59
72
71
74
53
96
56
72
98
85
1
0
0
0
0
0
-89
76
70
-4
55
-26
-32
65
97
57
68
-19
69
93
0
-1
0
0
0
0
-17
-43
90
-53
-40
-18
-11
72
55
-74
61
6
63
50
0
0
1
0
0
0
22
61
31
-34
62
48
-59
-22
93
46
-83
73
44
67
0
0
0
1
0
0
-13
80
-80
44
81
41
-48
53
47
100
-41
21
-5
55
0
0
0
0
1
0
13
79
87
64
99
53
45
38
-69
50
77
-60
11
-25
0
0
0
0
0
1
