67
64
80
36
46
37
12
35
66
31
6
34
45
49
-1
0
0
0
0
0
0
0
0
0
2
24
70
85
6
51
84
98
48
25
57
24
72
87
0
-1
0
0
0
0
0
0
0
0
51
100
98
87
42
55
4
59
46
57
52
76
51
20
0
0
-1
0
0
0
0
0
0
0
41
75
25
93
88
25
41
45
10
89
73
56
10
71
0
0
0
-1
0
0
0
0
0
0
33
98
2
6
27
5
54
55
22
10
73
87
78
74
0
0
0
0
-1
0
0
0
0
0
62
75
68
80
36
73
34
33
33
92
2
42
47
100
0
0
0
0
0
-1
0
0
0
0
79
1
4
100
33
31
96
94
13
70
30
53
27
11
0
0
0
0
0
0
-1
0
0
0
71
97
26
63
69
78
50
38
51
4
1
19
44
51
0
0
0
0
0
0
0
-1
0
0
58
77
47
82
78
52
70
9
84
54
60
55
14
15
0
0
0
0
0
0
0
0
-1
0
89
75
38
74
57
31
40
22
66
64
68
59
95
23
0
0
0
0
0
0
0
0
0
-1
