-96
-55
25
73
83
17
98
-27
-13
-57
-79
76
38
-25
0
0
0
0
0
0
98
-26
99
44
52
3
54
-79
68
-29
-26
-81
97
-50
0
0
0
0
0
0
66
-92
98
85
4
9
44
12
40
-32
11
-13
31
-28
0
0
0
0
0
0
36
79
98
96
28
-34
49
-21
-11
-85
-15
-63
-23
13
0
0
0
0
0
0
87
75
77
64
79
71
86
57
53
91
96
67
62
77
1
0
0
0
0
0
85
75
59
67
23
-87
55
-42
62
-21
16
34
38
-67
0
1
0
0
0
0
-22
-4
-34
-1
-33
83
-59
32
33
82
-36
32
100
89
0
0
-1
0
0
0
-12
-92
93
-2
-53
19
67
47
29
-26
87
68
-97
26
0
0
0
1
0
0
72
-65
44
-71
30
-54
-19
-11
20
14
96
19
25
-57
0
0
0
0
1
0
-46
-43
63
-78
42
50
61
34
-73
48
-98
81
-19
-2
0
0
0
0
0
-1
