22
-24
89
-48
-38
93
-64
48
17
-78
100
-14
-66
44
0
0
0
0
0
0
66
23
-69
44
-55
58
8
75
-81
20
-12
37
-17
74
0
0
0
0
0
0
-7
-88
-31
37
76
6
98
64
92
89
-12
-87
-32
-19
0
0
0
0
0
0
57
1
-69
83
-23
84
26
-41
-63
-81
79
28
-44
68
0
0
0
0
0
0
-15
47
6
-80
62
-28
21
20
-23
45
68
-99
-21
54
-1
0
0
0
0
0
35
0
-61
-55
-48
54
68
14
-41
3
21
-65
99
-5
0
1
0
0
0
0
26
-17
-28
-89
-8
58
-44
87
62
-42
94
18
-30
-83
0
0
-1
0
0
0
57
77
37
19
68
63
23
35
4
21
93
89
54
93
0
0
0
1
0
0
62
76
25
28
92
24
43
23
34
74
59
55
13
16
0
0
0
0
1
0
2
27
62
29
32
76
14
6
73
56
23
26
0
33
0
0
0
0
0
1
