10 24
25
69
9
13
18
18
78
29
88
9
66
7
30
21
-1
0
0
0
0
0
0
0
0
0
92
67
74
9
78
91
85
14
45
67
29
69
52
86
0
-1
0
0
0
0
0
0
0
0
74
58
54
75
23
82
20
12
34
73
56
75
31
27
0
0
-1
0
0
0
0
0
0
0
28
70
22
97
6
65
69
40
73
52
47
61
27
18
0
0
0
-1
0
0
0
0
0
0
41
58
16
84
64
78
59
79
96
47
17
54
59
10
0
0
0
0
-1
0
0
0
0
0
54
6
70
26
24
14
57
20
94
44
66
16
94
100
0
0
0
0
0
-1
0
0
0
0
100
3
80
24
29
31
8
18
26
97
61
93
38
59
0
0
0
0
0
0
-1
0
0
0
82
75
43
4
88
23
17
45
48
68
12
23
48
20
0
0
0
0
0
0
0
-1
0
0
37
57
3
66
81
6
98
37
32
56
41
86
54
37
0
0
0
0
0
0
0
0
-1
0
78
100
33
32
87
30
78
79
75
88
52
77
71
0
0
0
0
0
0
0
0
0
0
-1
