10 20
33
69
88
-8
47
-62
-73
70
-52
42
39
3
-26
20
0
0
0
0
0
0
64
11
-4
-8
38
-79
51
7
78
41
52
-49
46
93
0
0
0
0
0
0
46
-97
-75
-4
-89
55
39
48
23
-68
-1
89
49
92
0
0
0
0
0
0
79
46
-13
-15
-25
-1
72
67
-16
29
-32
47
-95
-16
0
0
0
0
0
0
62
73
61
88
78
50
88
98
54
100
67
100
85
72
1
0
0
0
0
0
48
29
60
-47
-48
-54
-80
81
29
59
80
-53
54
-84
0
-1
0
0
0
0
72
-30
33
67
95
-28
-92
0
67
70
-97
-79
37
-16
0
0
1
0
0
0
15
-55
91
-85
-91
12
-3
56
-86
97
77
30
-14
63
0
0
0
1
0
0
53
-28
19
87
-43
-99
77
91
82
-23
26
20
60
21
0
0
0
0
1
0
35
99
22
5
-72
75
-69
18
-1
15
50
-29
12
27
0
0
0
0
0
-1
