-60
-61
12
58
-38
94
-69
-58
5
51
97
55
-28
-32
0
0
0
0
0
0
-52
80
84
98
-52
-93
-22
-5
99
6
75
-94
86
-12
0
0
0
0
0
0
-27
64
88
89
92
-61
-54
-53
14
91
-79
19
-67
60
0
0
0
0
0
0
65
-70
-69
48
95
-55
-71
-4
92
88
73
51
-64
-67
0
0
0
0
0
0
85
77
65
70
93
68
72
75
72
58
89
80
99
54
1
0
0
0
0
0
81
28
-17
-79
19
70
14
-17
71
-13
-41
65
-58
71
0
1
0
0
0
0
79
66
96
64
-4
-24
70
33
-26
-94
82
29
-10
-67
0
0
1
0
0
0
55
-1
89
-53
41
-77
5
3
-32
91
-61
-69
95
-20
0
0
0
1
0
0
71
65
49
98
87
66
-50
96
-24
13
-8
93
54
78
0
0
0
0
-1
0
78
-33
74
63
-6
-83
-80
98
47
-88
53
-3
28
93
0
0
0
0
0
1
