-62
-65
45
45
71
-66
11
-75
-36
26
79
69
43
83
0
0
0
0
0
0
54
-28
-29
8
33
25
-65
92
-7
47
-80
96
-46
38
0
0
0
0
0
0
94
88
-97
47
64
43
27
-55
55
26
-71
-77
-4
60
0
0
0
0
0
0
85
62
33
-34
-65
99
-22
-2
88
2
90
-91
-78
-11
0
0
0
0
0
0
55
64
80
95
95
99
89
62
83
89
95
54
93
58
1
0
0
0
0
0
-61
28
-27
-29
-53
7
80
56
-91
-11
88
20
-8
59
0
-1
0
0
0
0
-59
84
78
21
-8
70
2
-20
59
-93
83
-100
73
70
0
0
-1
0
0
0
-16
28
99
23
-25
48
82
35
60
-100
71
82
-78
-84
0
0
0
1
0
0
57
60
-50
23
-87
46
30
-91
21
-29
41
35
84
88
0
0
0
0
-1
0
38
57
46
63
-11
-81
-18
-4
91
-9
-4
75
80
38
0
0
0
0
0
-1
