10 24
91
73
82
40
44
61
68
40
30
74
43
73
41
30
-1
0
0
0
0
0
0
0
0
0
90
44
29
76
13
8
48
17
93
69
34
4
64
22
0
-1
0
0
0
0
0
0
0
0
50
50
83
20
49
75
39
53
74
84
66
9
5
3
0
0
-1
0
0
0
0
0
0
0
64
34
57
19
49
9
14
41
95
31
92
39
13
33
0
0
0
-1
0
0
0
0
0
0
69
71
87
60
31
45
70
9
23
59
3
69
68
16
0
0
0
0
-1
0
0
0
0
0
94
43
25
31
45
8
73
43
31
57
47
70
57
95
0
0
0
0
0
-1
0
0
0
0
56
70
79
28
17
62
92
54
70
62
83
29
43
17
0
0
0
0
0
0
-1
0
0
0
86
79
12
71
46
7
11
42
75
3
7
50
23
64
0
0
0
0
0
0
0
-1
0
0
77
21
48
55
36
96
45
17
9
34
29
10
33
44
0
0
0
0
0
0
0
0
-1
0
92
95
63
46
3
61
78
49
18
69
55
75
96
10
0
0
0
0
0
0
0
0
0
-1
