73
4
2
34
70
66
49
33
58
11
67
6
53
16
-1
0
0
0
0
0
0
0
0
0
53
15
73
75
5
44
40
10
43
43
15
81
18
88
0
-1
0
0
0
0
0
0
0
0
34
83
68
0
70
52
60
43
100
64
22
17
43
50
0
0
-1
0
0
0
0
0
0
0
24
18
57
88
92
44
41
29
45
28
86
15
70
85
0
0
0
-1
0
0
0
0
0
0
0
47
53
24
84
43
96
77
20
22
59
52
84
72
0
0
0
0
-1
0
0
0
0
0
62
70
30
25
0
9
58
83
5
95
44
13
88
29
0
0
0
0
0
-1
0
0
0
0
94
79
37
95
22
11
93
14
36
63
23
50
65
32
0
0
0
0
0
0
-1
0
0
0
51
46
95
0
100
58
21
41
66
45
3
98
5
54
0
0
0
0
0
0
0
-1
0
0
80
20
10
47
45
14
5
89
77
40
15
78
85
51
0
0
0
0
0
0
0
0
-1
0
83
57
11
24
22
59
71
88
24
58
35
100
80
19
0
0
0
0
0
0
0
0
0
-1
