39
82
4
-97
-67
70
-57
37
35
-59
65
95
40
40
0
0
0
0
0
0
10
81
-8
46
-72
99
41
55
-90
-77
55
-34
56
79
0
0
0
0
0
0
26
-44
38
84
30
40
80
-94
26
55
85
-72
-65
10
0
0
0
0
0
0
-2
-35
14
-9
-17
-6
-25
31
-21
76
-87
43
62
13
0
0
0
0
0
0
97
67
72
63
52
56
76
69
57
52
58
79
88
79
1
0
0
0
0
0
53
-97
-27
76
-90
60
-79
75
99
31
75
63
77
-40
0
-1
0
0
0
0
-85
6
90
-59
21
94
41
-20
73
79
99
-17
84
76
0
0
-1
0
0
0
-84
-79
86
-76
54
45
83
27
62
44
-47
42
-66
3
0
0
0
1
0
0
89
-73
-57
33
75
43
-36
-65
30
-53
10
11
23
42
0
0
0
0
1
0
-18
-9
32
69
-76
-9
82
73
-72
7
20
15
56
61
0
0
0
0
0
1
