69
73
3
2
22
45
35
18
23
28
30
100
92
31
-1
0
0
0
0
0
0
0
0
0
64
47
86
1
0
28
51
32
8
12
31
63
87
73
0
-1
0
0
0
0
0
0
0
0
54
24
38
35
52
39
42
8
57
71
87
6
89
84
0
0
-1
0
0
0
0
0
0
0
71
45
38
66
71
59
86
88
35
86
26
27
1
67
0
0
0
-1
0
0
0
0
0
0
24
45
90
40
50
46
23
94
20
42
77
96
82
4
0
0
0
0
-1
0
0
0
0
0
92
70
30
71
64
22
47
27
63
39
60
75
4
78
0
0
0
0
0
-1
0
0
0
0
9
60
1
23
78
49
51
88
66
19
17
66
0
20
0
0
0
0
0
0
-1
0
0
0
78
6
93
20
86
95
51
68
47
94
65
58
31
42
0
0
0
0
0
0
0
-1
0
0
79
64
94
37
78
40
44
16
61
14
43
30
72
78
0
0
0
0
0
0
0
0
-1
0
96
19
11
46
9
14
98
19
29
73
99
59
90
4
0
0
0
0
0
0
0
0
0
-1
