10 20
-28
69
-73
20
73
69
23
81
-56
44
-71
36
-50
14
0
0
0
0
0
0
-5
66
69
71
4
-16
25
-89
34
-68
-14
-69
-6
49
0
0
0
0
0
0
3
45
20
-57
27
62
16
38
-45
-40
93
-7
45
-91
0
0
0
0
0
0
81
57
38
75
99
76
-18
-47
-53
-43
-50
98
-31
-49
0
0
0
0
0
0
78
83
71
55
80
72
79
68
54
79
88
71
76
94
1
0
0
0
0
0
-51
-24
-25
47
44
97
-31
-4
-83
-26
13
39
-74
92
0
-1
0
0
0
0
-3
73
-41
14
57
57
-92
95
-13
-36
-18
23
43
1
0
0
1
0
0
0
77
46
-19
-87
37
62
87
-14
66
32
4
-95
52
36
0
0
0
-1
0
0
41
-89
-99
-4
-17
-61
-18
55
-2
92
27
99
23
-46
0
0
0
0
-1
0
-33
51
-43
-28
33
30
15
87
81
-92
-46
81
-70
-42
0
0
0
0
0
1
