67
-92
67
42
-60
17
58
61
8
39
66
48
-77
-92
0
0
0
0
0
0
10
-73
97
89
-27
60
-62
-16
42
-59
22
-16
49
-42
0
0
0
0
0
0
69
-5
-17
-94
-30
5
-41
22
17
-2
69
-60
38
60
0
0
0
0
0
0
-52
14
-80
-5
-33
19
12
69
89
66
-64
15
-3
94
0
0
0
0
0
0
-36
-56
-22
-33
68
11
9
-55
-14
89
52
69
2
-33
1
0
0
0
0
0
-15
14
-17
41
-99
40
-30
-27
91
1
97
22
-69
-11
0
1
0
0
0
0
-97
94
45
90
-1
45
-12
-94
-29
-50
33
99
-46
-10
0
0
1
0
0
0
74
45
22
5
25
64
17
6
33
43
0
77
46
24
0
0
0
1
0
0
10
86
51
13
40
75
98
57
17
45
27
70
43
76
0
0
0
0
1
0
72
50
80
34
77
52
69
68
34
66
18
25
51
30
0
0
0
0
0
1
