-38
91
-79
-78
-22
-46
17
64
-8
-97
8
96
85
39
0
0
0
0
0
0
23
92
39
85
25
-98
-53
93
-90
-29
-50
52
-50
2
0
0
0
0
0
0
-26
62
83
69
14
-63
47
9
35
41
95
-41
48
-39
0
0
0
0
0
0
-98
-2
-13
45
93
13
-30
-86
30
-12
47
51
74
59
0
0
0
0
0
0
49
4
69
17
97
53
22
-5
-62
85
-18
-82
91
37
-1
0
0
0
0
0
35
-83
45
-86
89
66
-17
62
-23
-65
41
34
81
-74
0
-1
0
0
0
0
-65
92
30
-96
-27
68
8
-86
-7
-39
67
82
-46
33
0
0
-1
0
0
0
81
84
31
81
8
41
11
25
74
11
64
44
1
58
0
0
0
1
0
0
3
32
46
88
83
79
6
58
17
26
53
58
41
32
0
0
0
0
1
0
58
24
77
74
26
12
99
40
97
29
65
48
23
36
0
0
0
0
0
1
