10 24
11
18
19
64
45
15
100
83
2
71
90
47
88
68
-1
0
0
0
0
0
0
0
0
0
81
21
40
28
50
62
66
72
86
77
54
28
43
88
0
-1
0
0
0
0
0
0
0
0
46
70
38
38
64
61
75
46
4
74
87
60
20
7
0
0
-1
0
0
0
0
0
0
0
26
37
95
50
70
39
9
96
26
94
8
47
76
8
0
0
0
-1
0
0
0
0
0
0
29
0
2
38
37
49
44
6
17
43
72
98
12
72
0
0
0
0
-1
0
0
0
0
0
33
2
23
63
80
97
69
23
95
21
97
47
86
75
0
0
0
0
0
-1
0
0
0
0
90
47
57
57
36
2
52
5
51
28
37
58
24
27
0
0
0
0
0
0
-1
0
0
0
69
51
15
61
44
28
11
46
20
12
86
96
46
98
0
0
0
0
0
0
0
-1
0
0
62
22
87
80
78
59
55
14
35
4
54
63
15
57
0
0
0
0
0
0
0
0
-1
0
83
30
4
24
15
4
33
12
1
10
39
46
2
11
0
0
0
0
0
0
0
0
0
-1
