10 24
82
62
91
65
70
31
55
32
86
41
79
27
67
41
-1
0
0
0
0
0
0
0
0
0
23
0
52
98
14
9
58
81
1
94
15
69
18
24
0
-1
0
0
0
0
0
0
0
0
92
88
91
2
80
26
70
13
67
47
85
15
18
44
0
0
-1
0
0
0
0
0
0
0
82
0
94
46
48
17
93
43
46
18
19
84
5
99
0
0
0
-1
0
0
0
0
0
0
51
42
55
25
55
19
91
42
5
74
83
42
5
26
0
0
0
0
-1
0
0
0
0
0
52
22
9
56
87
89
31
68
66
67
14
19
100
88
0
0
0
0
0
-1
0
0
0
0
36
40
79
27
40
62
62
83
4
26
7
90
52
61
0
0
0
0
0
0
-1
0
0
0
44
15
94
57
49
11
32
90
83
13
26
43
94
75
0
0
0
0
0
0
0
-1
0
0
88
21
51
1
42
36
28
19
60
8
53
83
46
79
0
0
0
0
0
0
0
0
-1
0
92
78
98
0
29
68
77
34
47
81
13
60
86
1
0
0
0
0
0
0
0
0
0
-1
