7
10
47
83
68
77
32
12
76
42
28
10
44
11
-1
0
0
0
0
0
0
0
0
0
78
25
44
34
72
13
79
55
15
54
100
44
70
85
0
-1
0
0
0
0
0
0
0
0
40
29
37
18
92
2
82
52
34
95
82
13
19
26
0
0
-1
0
0
0
0
0
0
0
92
23
80
55
80
22
44
51
65
62
40
8
13
71
0
0
0
-1
0
0
0
0
0
0
16
58
8
36
74
89
56
82
6
69
96
57
82
55
0
0
0
0
-1
0
0
0
0
0
40
14
3
57
79
12
77
88
47
0
88
41
98
16
0
0
0
0
0
-1
0
0
0
0
37
73
75
57
34
5
37
5
84
87
32
93
11
4
0
0
0
0
0
0
-1
0
0
0
89
100
24
48
2
78
40
21
70
58
65
63
99
58
0
0
0
0
0
0
0
-1
0
0
36
98
52
49
53
46
36
91
79
65
7
88
29
34
0
0
0
0
0
0
0
0
-1
0
100
58
83
73
29
44
27
8
21
32
87
16
91
43
0
0
0
0
0
0
0
0
0
-1
