10 24
11
4
56
17
33
93
68
25
73
5
5
40
94
59
-1
0
0
0
0
0
0
0
0
0
14
17
47
27
94
7
10
65
81
49
27
60
70
93
0
-1
0
0
0
0
0
0
0
0
7
36
17
8
3
80
0
35
1
24
26
11
82
42
0
0
-1
0
0
0
0
0
0
0
34
40
46
95
84
61
30
6
47
51
78
60
74
92
0
0
0
-1
0
0
0
0
0
0
15
65
85
25
82
26
79
42
82
51
83
86
55
48
0
0
0
0
-1
0
0
0
0
0
11
12
35
85
44
92
70
16
31
20
99
100
50
21
0
0
0
0
0
-1
0
0
0
0
75
78
26
30
51
95
30
47
5
45
34
13
28
9
0
0
0
0
0
0
-1
0
0
0
59
68
53
99
71
2
32
66
87
77
64
83
25
36
0
0
0
0
0
0
0
-1
0
0
8
94
64
2
10
13
56
45
30
79
20
57
77
32
0
0
0
0
0
0
0
0
-1
0
76
32
48
77
1
36
69
40
85
23
8
2
83
48
0
0
0
0
0
0
0
0
0
-1
