89
-55
-31
8
22
22
29
-41
-27
77
80
77
-63
-39
0
0
0
0
0
0
-64
-42
-17
98
89
97
-64
63
85
68
91
45
-27
-42
0
0
0
0
0
0
29
4
47
18
-89
83
96
0
-77
-45
91
-71
24
-12
0
0
0
0
0
0
-38
19
7
-5
24
-53
36
71
55
57
-85
19
-35
24
0
0
0
0
0
0
85
63
67
88
65
51
59
58
91
86
65
59
93
57
1
0
0
0
0
0
3
-23
9
71
52
9
84
20
85
-54
61
-82
60
91
0
1
0
0
0
0
65
86
-50
57
-50
86
68
-44
-89
-46
4
-64
97
-73
0
0
-1
0
0
0
92
84
-72
43
47
20
-12
0
48
-43
36
92
-37
23
0
0
0
-1
0
0
69
9
-8
13
11
93
83
93
39
52
-84
-94
76
79
0
0
0
0
-1
0
3
-5
36
-87
55
-51
100
73
-30
23
59
-47
13
5
0
0
0
0
0
-1
