-37
-89
-81
96
-27
69
86
99
78
-90
4
47
63
-90
0
0
0
0
0
0
-51
87
20
30
-40
49
58
-56
81
-3
-78
42
4
-40
0
0
0
0
0
0
-4
62
-24
-62
-37
-39
99
-94
-56
98
11
60
53
36
0
0
0
0
0
0
58
24
83
37
-36
-34
1
86
83
58
-27
5
29
-64
0
0
0
0
0
0
69
88
13
96
29
26
4
-29
-94
-64
-88
94
-16
90
-1
0
0
0
0
0
22
-99
91
21
89
-52
21
70
99
6
-73
84
25
48
0
-1
0
0
0
0
0
36
97
84
-49
29
-89
4
-50
5
77
-50
-18
-15
0
0
-1
0
0
0
44
15
17
95
40
35
78
46
63
69
81
51
1
41
0
0
0
1
0
0
89
56
49
64
22
66
80
0
71
78
50
4
9
85
0
0
0
0
1
0
20
9
25
30
72
58
90
77
54
66
59
9
55
42
0
0
0
0
0
1
