10 20
68
72
-26
-21
20
67
42
77
-3
97
12
96
36
-16
0
0
0
0
0
0
-48
88
63
-88
-63
-67
-12
78
-65
68
-2
-24
5
92
0
0
0
0
0
0
5
39
60
-97
-29
-78
-99
71
5
76
96
70
66
-76
0
0
0
0
0
0
33
-37
9
41
-80
98
86
53
37
41
-6
-4
66
-92
0
0
0
0
0
0
-76
81
16
83
38
41
-28
85
-69
3
67
-14
64
-3
1
0
0
0
0
0
98
74
43
94
-18
-8
53
62
86
1
-10
-46
35
44
0
-1
0
0
0
0
26
72
-81
-77
70
31
-50
-82
98
56
75
19
-71
91
0
0
-1
0
0
0
23
97
91
53
83
6
22
14
44
54
47
19
28
86
0
0
0
1
0
0
42
75
21
47
11
63
100
97
84
79
73
21
35
30
0
0
0
0
1
0
95
17
64
79
9
37
85
42
46
49
10
42
89
48
0
0
0
0
0
1
