28
64
-62
85
78
0
-7
-10
-4
-95
33
-22
-78
64
0
0
0
0
0
0
-68
-80
97
95
83
-27
-32
-98
22
-27
87
65
39
-45
0
0
0
0
0
0
33
9
-77
18
29
3
97
-43
5
-25
9
64
90
-35
0
0
0
0
0
0
64
61
78
-45
17
-3
-21
62
-42
49
1
-58
60
-14
0
0
0
0
0
0
80
53
87
87
80
86
86
89
84
90
80
93
72
69
1
0
0
0
0
0
-93
87
-39
-57
17
51
-44
26
47
76
-77
55
32
-43
0
1
0
0
0
0
13
52
-48
-63
71
-27
67
-28
76
-52
8
83
75
-60
0
0
1
0
0
0
60
-54
19
-46
-58
-22
-10
-26
-4
72
89
55
-45
34
0
0
0
1
0
0
36
-19
-11
-73
83
16
96
-3
-36
-65
40
-99
82
27
0
0
0
0
1
0
25
-59
-25
22
-87
82
31
-79
13
7
25
38
96
60
0
0
0
0
0
1
