-50
63
15
47
-94
-49
-53
74
-38
39
-42
-10
91
33
0
0
0
0
0
0
-84
25
87
-8
33
53
87
65
55
-18
72
26
-88
-46
0
0
0
0
0
0
-48
-56
93
55
74
91
-27
-82
88
-14
75
-57
47
-4
0
0
0
0
0
0
43
-38
-50
68
81
-32
51
-63
40
83
20
-75
4
5
0
0
0
0
0
0
-18
35
14
39
49
-35
-42
30
55
-66
58
-10
-36
-12
1
0
0
0
0
0
7
15
99
60
93
-63
76
56
70
95
-59
-33
50
94
0
1
0
0
0
0
99
39
-81
-14
68
56
62
-73
-60
57
-64
45
-81
35
0
0
1
0
0
0
44
71
83
88
93
39
7
23
69
6
46
14
90
80
0
0
0
1
0
0
12
44
34
59
31
46
77
70
73
62
29
73
0
63
0
0
0
0
1
0
34
53
39
48
25
84
14
48
41
52
79
82
41
100
0
0
0
0
0
1
