10 20
-8
57
14
89
39
-56
57
-48
-33
56
-31
11
83
-12
0
0
0
0
0
0
-52
-2
-84
-46
37
59
-51
86
93
83
-36
-14
83
26
0
0
0
0
0
0
34
85
-87
-58
88
-13
-22
39
36
37
-10
19
7
27
0
0
0
0
0
0
4
-55
11
3
19
39
-16
-35
43
70
84
92
82
-96
0
0
0
0
0
0
55
-13
91
-82
84
-32
-16
39
-57
-92
67
62
93
-72
1
0
0
0
0
0
10
-53
-22
70
50
25
-25
-59
44
55
-36
3
-72
47
0
1
0
0
0
0
-60
63
69
26
-88
-78
99
94
-70
51
13
84
70
1
0
0
1
0
0
0
34
5
17
13
77
18
56
9
53
72
35
41
49
3
0
0
0
1
0
0
94
95
15
64
63
78
62
0
70
19
59
63
77
15
0
0
0
0
1
0
81
32
98
80
79
25
42
81
74
59
2
71
16
8
0
0
0
0
0
1
