0 0
4.41367e-12 4.72428e-08
3.53094e-11 1.88971e-07
1.19169e-10 4.25185e-07
2.82475e-10 7.55884e-07
5.51709e-10 1.18107e-06
9.53353e-10 1.70074e-06
1.51389e-09 2.3149e-06
2.2598e-09 3.02354e-06
3.21756e-09 3.82666e-06
4.41367e-09 4.72427e-06
5.87459e-09 5.71637e-06
7.62682e-09 6.80295e-06
9.69683e-09 7.98402e-06
1.21111e-08 9.25957e-06
1.48961e-08 1.06296e-05
1.80784e-08 1.20941e-05
2.16843e-08 1.36531e-05
2.57405e-08 1.53066e-05
3.02733e-08 1.70546e-05
3.53093e-08 1.88971e-05
4.08749e-08 2.0834e-05
4.69967e-08 2.28654e-05
5.3701e-08 2.49913e-05
6.10144e-08 2.72117e-05
6.89634e-08 2.95266e-05
7.75745e-08 3.1936e-05
8.6874e-08 3.44398e-05
9.68886e-08 3.70381e-05
1.07645e-07 3.9731e-05
1.19169e-07 4.25182e-05
1.31487e-07 4.54e-05
1.44627e-07 4.83763e-05
1.58613e-07 5.1447e-05
1.73474e-07 5.46122e-05
1.89235e-07 5.78719e-05
2.05923e-07 6.12261e-05
2.23564e-07 6.46748e-05
2.42186e-07 6.82179e-05
2.61813e-07 7.18555e-05
2.82473e-07 7.55876e-05
3.04193e-07 7.94142e-05
3.26998e-07 8.33353e-05
3.50915e-07 8.73508e-05
3.75971e-07 9.14609e-05
4.02192e-07 9.56654e-05
4.29605e-07 9.99643e-05
4.58236e-07 0.000104358
4.88112e-07 0.000108846
5.19259e-07 0.000113428
5.51703e-07 0.000118105
5.85472e-07 0.000122876
6.20591e-07 0.000127742
6.57087e-07 0.000132703
6.94986e-07 0.000137757
7.34316e-07 0.000142907
7.75101e-07 0.00014815
8.1737e-07 0.000153489
8.61149e-07 0.000158921
9.06463e-07 0.000164448
9.53339e-07 0.00017007
1.0018e-06 0.000175786
1.05189e-06 0.000181597
1.10361e-06 0.000187502
1.157e-06 0.000193501
1.21208e-06 0.000199595
1.26889e-06 0.000205784
1.32745e-06 0.000212067
1.38777e-06 0.000218444
1.4499e-06 0.000224916
1.51386e-06 0.000231482
1.57967e-06 0.000238143
1.64736e-06 0.000244898
1.71696e-06 0.000251748
1.78849e-06 0.000258692
1.86198e-06 0.000265731
1.93745e-06 0.000272864
2.01494e-06 0.000280092
2.09447e-06 0.000287414
2.17606e-06 0.00029483
2.25974e-06 0.000302341
2.34554e-06 0.000309947
2.43349e-06 0.000317646
2.52361e-06 0.000325441
2.61593e-06 0.00033333
2.71047e-06 0.000341313
2.80726e-06 0.000349391
2.90633e-06 0.000357563
3.0077e-06 0.00036583
3.1114e-06 0.000374191
3.21746e-06 0.000382646
3.32591e-06 0.000391196
3.43676e-06 0.000399841
3.55005e-06 0.00040858
3.6658e-06 0.000417413
3.78404e-06 0.000426341
3.90479e-06 0.000435363
4.02809e-06 0.00044448
4.15395e-06 0.000453691
4.28241e-06 0.000462997
4.4135e-06 0.000472397
4.54723e-06 0.000481891
4.68363e-06 0.00049148
4.82274e-06 0.000501164
4.96457e-06 0.000510942
5.10915e-06 0.000520814
5.25652e-06 0.000530781
5.40669e-06 0.000540842
5.5597e-06 0.000550998
5.71556e-06 0.000561248
5.87432e-06 0.000571592
6.03598e-06 0.000582031
6.20058e-06 0.000592565
6.36815e-06 0.000603193
6.53871e-06 0.000613915
6.71229e-06 0.000624732
6.88892e-06 0.000635643
7.06861e-06 0.000646648
7.2514e-06 0.000657748
7.43732e-06 0.000668943
7.62639e-06 0.000680232
7.81864e-06 0.000691615
8.01409e-06 0.000703093
8.21276e-06 0.000714665
8.4147e-06 0.000726332
8.61992e-06 0.000738093
8.82845e-06 0.000749948
9.04031e-06 0.000761898
9.25554e-06 0.000773943
9.47416e-06 0.000786081
9.69619e-06 0.000798315
9.92166e-06 0.000810642
1.01506e-05 0.000823064
1.0383e-05 0.000835581
1.0619e-05 0.000848192
1.08585e-05 0.000860897
1.11016e-05 0.000873697
1.13483e-05 0.000886591
1.15986e-05 0.000899579
1.18525e-05 0.000912662
1.21102e-05 0.00092584
1.23715e-05 0.000939111
1.26366e-05 0.000952478
1.29054e-05 0.000965938
1.31781e-05 0.000979493
1.34545e-05 0.000993143
1.37348e-05 0.00100689
1.40189e-05 0.00102072
1.4307e-05 0.00103466
1.45989e-05 0.00104868
1.48948e-05 0.00106281
1.51947e-05 0.00107702
1.54986e-05 0.00109133
1.58064e-05 0.00110574
1.61184e-05 0.00112024
1.64344e-05 0.00113483
1.67545e-05 0.00114952
1.70788e-05 0.0011643
1.74072e-05 0.00117918
1.77398e-05 0.00119415
1.80766e-05 0.00120921
1.84176e-05 0.00122437
1.87629e-05 0.00123963
1.91125e-05 0.00125498
1.94664e-05 0.00127042
1.98246e-05 0.00128596
2.01872e-05 0.00130159
2.05543e-05 0.00131731
2.09257e-05 0.00133313
2.13016e-05 0.00134905
2.16819e-05 0.00136506
2.20667e-05 0.00138116
2.24561e-05 0.00139736
2.285e-05 0.00141365
2.32486e-05 0.00143004
2.36517e-05 0.00144652
2.40594e-05 0.0014631
2.44718e-05 0.00147977
2.48889e-05 0.00149653
2.53107e-05 0.00151339
2.57372e-05 0.00153034
2.61686e-05 0.00154739
2.66046e-05 0.00156453
2.70456e-05 0.00158177
2.74913e-05 0.0015991
2.79419e-05 0.00161652
2.83975e-05 0.00163404
2.88579e-05 0.00165165
2.93233e-05 0.00166936
2.97937e-05 0.00168716
3.02691e-05 0.00170506
3.07495e-05 0.00172305
3.12349e-05 0.00174114
3.17255e-05 0.00175932
3.22211e-05 0.00177759
3.27219e-05 0.00179596
3.32279e-05 0.00181442
3.3739e-05 0.00183298
3.42554e-05 0.00185163
3.4777e-05 0.00187038
3.53038e-05 0.00188922
3.5836e-05 0.00190815
3.63734e-05 0.00192718
3.69163e-05 0.0019463
3.74644e-05 0.00196552
3.8018e-05 0.00198483
3.85771e-05 0.00200424
3.91415e-05 0.00202374
3.97115e-05 0.00204333
4.02869e-05 0.00206302
4.08679e-05 0.00208281
4.14545e-05 0.00210268
4.20466e-05 0.00212265
4.26443e-05 0.00214272
4.32477e-05 0.00216288
4.38567e-05 0.00218314
4.44715e-05 0.00220349
4.50919e-05 0.00222393
4.57181e-05 0.00224447
4.63501e-05 0.0022651
4.69878e-05 0.00228583
4.76314e-05 0.00230665
4.82808e-05 0.00232756
4.89361e-05 0.00234857
4.95973e-05 0.00236968
5.02645e-05 0.00239087
5.09375e-05 0.00241217
5.16166e-05 0.00243355
5.23017e-05 0.00245503
5.29928e-05 0.00247661
5.369e-05 0.00249828
5.43932e-05 0.00252004
5.51026e-05 0.0025419
5.58181e-05 0.00256385
5.65398e-05 0.0025859
5.72676e-05 0.00260804
5.80017e-05 0.00263027
5.8742e-05 0.0026526
5.94886e-05 0.00267503
6.02415e-05 0.00269755
6.10008e-05 0.00272016
6.17663e-05 0.00274286
6.25383e-05 0.00276567
6.33167e-05 0.00278856
6.41014e-05 0.00281155
6.48927e-05 0.00283463
6.56904e-05 0.00285781
6.64946e-05 0.00288108
6.73054e-05 0.00290445
6.81227e-05 0.00292791
6.89467e-05 0.00295147
6.97772e-05 0.00297511
7.06144e-05 0.00299886
7.14582e-05 0.0030227
7.23088e-05 0.00304663
7.3166e-05 0.00307065
7.403e-05 0.00309477
7.49008e-05 0.00311899
7.57784e-05 0.0031433
7.66628e-05 0.0031677
7.75541e-05 0.0031922
7.84522e-05 0.00321679
7.93573e-05 0.00324148
8.02692e-05 0.00326626
8.11882e-05 0.00329113
8.21141e-05 0.0033161
8.3047e-05 0.00334116
8.3987e-05 0.00336632
8.4934e-05 0.00339157
8.58882e-05 0.00341692
8.68494e-05 0.00344236
8.78178e-05 0.00346789
8.87933e-05 0.00349352
8.97761e-05 0.00351924
9.07661e-05 0.00354506
9.17633e-05 0.00357097
9.27678e-05 0.00359697
9.37796e-05 0.00362307
9.47987e-05 0.00364926
9.58252e-05 0.00367555
9.6859e-05 0.00370193
9.79003e-05 0.00372841
9.8949e-05 0.00375498
0.000100005 0.00378164
0.000101069 0.0038084
0.00010214 0.00383525
0.000103219 0.0038622
0.000104305 0.00388924
0.000105399 0.00391638
0.0001065 0.00394361
0.000107609 0.00397093
0.000108726 0.00399835
0.000109851 0.00402586
0.000110983 0.00405347
0.000112123 0.00408117
0.000113271 0.00410896
0.000114426 0.00413685
0.00011559 0.00416483
0.000116761 0.00419291
0.00011794 0.00422108
0.000119127 0.00424935
0.000120322 0.0042777
0.000121525 0.00430616
0.000122736 0.00433471
0.000123955 0.00436335
0.000125182 0.00439208
0.000126417 0.00442091
0.00012766 0.00444984
0.000128911 0.00447886
0.00013017 0.00450797
0.000131438 0.00453718
0.000132714 0.00456648
0.000133998 0.00459587
0.00013529 0.00462536
0.000136591 0.00465494
0.000137899 0.00468462
0.000139217 0.00471439
0.000140542 0.00474426
0.000141876 0.00477422
0.000143218 0.00480427
0.000144569 0.00483442
0.000145928 0.00486466
0.000147296 0.004895
0.000148672 0.00492543
0.000150057 0.00495595
0.00015145 0.00498657
0.000152852 0.00501728
0.000154263 0.00504809
0.000155682 0.00507899
0.00015711 0.00510998
0.000158546 0.00514107
0.000159992 0.00517225
0.000161446 0.00520353
0.000162908 0.0052349
0.00016438 0.00526637
0.00016586 0.00529793
0.00016735 0.00532958
0.000168848 0.00536133
0.000170355 0.00539317
0.000171871 0.0054251
0.000173396 0.00545713
0.00017493 0.00548926
0.000176473 0.00552147
0.000178025 0.00555379
0.000179586 0.00558619
0.000181157 0.00561869
0.000182736 0.00565129
0.000184324 0.00568397
0.000185922 0.00571675
0.000187529 0.00574963
0.000189145 0.0057826
0.00019077 0.00581566
0.000192405 0.00584882
0.000194049 0.00588207
0.000195702 0.00591542
0.000197365 0.00594886
0.000199037 0.00598239
0.000200718 0.00601602
0.000202409 0.00604974
0.00020411 0.00608356
0.000205819 0.00611747
0.000207539 0.00615148
0.000209268 0.00618557
0.000211006 0.00621977
0.000212754 0.00625405
0.000214512 0.00628843
0.000216279 0.00632291
0.000218056 0.00635747
0.000219843 0.00639214
0.000221639 0.00642689
0.000223445 0.00646174
0.000225261 0.00649669
0.000227087 0.00653172
0.000228923 0.00656686
0.000230768 0.00660208
0.000232624 0.0066374
0.000234489 0.00667282
0.000236364 0.00670832
0.000238249 0.00674393
0.000240144 0.00677962
0.00024205 0.00681541
0.000243965 0.00685129
0.00024589 0.00688727
0.000247825 0.00692334
0.000249771 0.00695951
0.000251727 0.00699577
0.000253692 0.00703212
0.000255669 0.00706857
0.000257655 0.00710511
0.000259651 0.00714175
0.000261658 0.00717847
0.000263675 0.0072153
0.000265703 0.00725221
0.00026774 0.00728923
0.000269789 0.00732633
0.000271847 0.00736353
0.000273916 0.00740082
0.000275996 0.00743821
0.000278086 0.00747569
0.000280186 0.00751326
0.000282297 0.00755093
0.000284419 0.00758869
0.000286551 0.00762655
0.000288694 0.0076645
0.000290848 0.00770254
0.000293012 0.00774068
0.000295187 0.00777891
0.000297372 0.00781724
0.000299569 0.00785566
0.000301776 0.00789417
0.000303994 0.00793278
0.000306223 0.00797148
0.000308462 0.00801027
0.000310713 0.00804916
0.000312974 0.00808814
0.000315247 0.00812722
0.00031753 0.00816639
0.000319824 0.00820565
0.00032213 0.00824501
0.000324446 0.00828446
0.000326773 0.00832401
0.000329112 0.00836365
0.000331462 0.00840338
0.000333823 0.00844321
0.000336195 0.00848313
0.000338578 0.00852314
0.000340972 0.00856325
0.000343378 0.00860345
0.000345795 0.00864375
0.000348223 0.00868414
0.000350663 0.00872462
0.000353114 0.0087652
0.000355576 0.00880587
0.00035805 0.00884663
0.000360535 0.00888749
0.000363032 0.00892845
0.00036554 0.00896949
0.00036806 0.00901063
0.000370591 0.00905187
0.000373134 0.00909319
0.000375688 0.00913462
0.000378254 0.00917613
0.000380832 0.00921774
0.000383421 0.00925944
0.000386022 0.00930124
0.000388635 0.00934313
0.00039126 0.00938511
0.000393896 0.00942719
0.000396544 0.00946936
0.000399204 0.00951163
0.000401876 0.00955399
0.00040456 0.00959644
0.000407255 0.00963899
0.000409963 0.00968163
0.000412682 0.00972436
0.000415414 0.00976719
0.000418157 0.00981011
0.000420913 0.00985312
0.00042368 0.00989623
0.00042646 0.00993944
0.000429252 0.00998273
0.000432056 0.0100261
0.000434872 0.0100696
0.000437701 0.0101132
0.000440541 0.0101569
0.000443394 0.0102006
0.000446259 0.0102445
0.000449137 0.0102884
0.000452026 0.0103325
0.000454929 0.0103766
0.000457843 0.0104208
0.00046077 0.0104652
0.000463709 0.0105096
0.000466661 0.0105541
0.000469625 0.0105987
0.000472602 0.0106434
0.000475592 0.0106882
0.000478594 0.0107331
0.000481608 0.0107781
0.000484635 0.0108232
0.000487675 0.0108683
0.000490728 0.0109136
0.000493793 0.0109589
0.000496871 0.0110044
0.000499961 0.0110499
0.000503065 0.0110956
0.000506181 0.0111413
0.00050931 0.0111871
0.000512452 0.0112331
0.000515607 0.0112791
0.000518774 0.0113252
0.000521955 0.0113714
0.000525149 0.0114177
0.000528355 0.0114641
0.000531575 0.0115105
0.000534807 0.0115571
0.000538053 0.0116038
0.000541312 0.0116505
0.000544584 0.0116974
0.000547869 0.0117443
0.000551167 0.0117914
0.000554479 0.0118385
0.000557803 0.0118857
0.000561141 0.0119331
0.000564492 0.0119805
0.000567857 0.012028
0.000571235 0.0120756
0.000574626 0.0121233
0.000578031 0.0121711
0.000581448 0.012219
0.00058488 0.0122669
0.000588325 0.012315
0.000591783 0.0123632
0.000595255 0.0124114
0.00059874 0.0124598
0.000602239 0.0125082
0.000605752 0.0125568
0.000609278 0.0126054
0.000612818 0.0126541
0.000616371 0.0127029
0.000619939 0.0127519
0.000623519 0.0128009
0.000627114 0.01285
0.000630722 0.0128991
0.000634345 0.0129484
0.000637981 0.0129978
0.000641631 0.0130473
0.000645294 0.0130969
0.000648972 0.0131465
0.000652664 0.0131963
0.000656369 0.0132461
0.000660089 0.0132961
0.000663822 0.0133461
0.00066757 0.0133962
0.000671332 0.0134464
0.000675108 0.0134967
0.000678897 0.0135472
0.000682701 0.0135977
0.00068652 0.0136482
0.000690352 0.0136989
0.000694199 0.0137497
0.000698059 0.0138006
0.000701935 0.0138516
0.000705824 0.0139026
0.000709728 0.0139538
0.000713646 0.014005
0.000717578 0.0140564
0.000721525 0.0141078
0.000725486 0.0141593
0.000729462 0.0142109
0.000733452 0.0142627
0.000737457 0.0143145
0.000741476 0.0143664
0.00074551 0.0144184
0.000749559 0.0144705
0.000753622 0.0145226
0.000757699 0.0145749
0.000761792 0.0146273
0.000765899 0.0146797
0.00077002 0.0147323
0.000774157 0.0147849
0.000778308 0.0148377
0.000782474 0.0148905
0.000786655 0.0149434
0.000790851 0.0149965
0.000795061 0.0150496
0.000799287 0.0151028
0.000803527 0.0151561
0.000807783 0.0152095
0.000812053 0.015263
0.000816338 0.0153166
0.000820639 0.0153702
0.000824954 0.015424
0.000829285 0.0154779
0.00083363 0.0155318
0.000837991 0.0155859
0.000842367 0.01564
0.000846758 0.0156942
0.000851164 0.0157486
0.000855586 0.015803
0.000860023 0.0158575
0.000864475 0.0159121
0.000868942 0.0159668
0.000873425 0.0160216
0.000877923 0.0160765
0.000882437 0.0161315
0.000886966 0.0161865
0.00089151 0.0162417
0.00089607 0.016297
0.000900646 0.0163523
0.000905237 0.0164078
0.000909843 0.0164633
0.000914465 0.0165189
0.000919103 0.0165747
0.000923756 0.0166305
0.000928425 0.0166864
0.00093311 0.0167424
0.00093781 0.0167985
0.000942526 0.0168547
0.000947258 0.016911
0.000952006 0.0169674
0.000956769 0.0170238
0.000961548 0.0170804
0.000966343 0.017137
0.000971155 0.0171938
0.000975981 0.0172506
0.000980824 0.0173076
0.000985683 0.0173646
0.000990558 0.0174217
0.000995449 0.0174789
0.00100036 0.0175363
0.00100528 0.0175937
0.00101022 0.0176512
0.00101517 0.0177087
0.00102014 0.0177664
0.00102513 0.0178242
0.00103014 0.0178821
0.00103516 0.01794
0.00104019 0.0179981
0.00104525 0.0180562
0.00105031 0.0181145
0.0010554 0.0181728
0.0010605 0.0182312
0.00106562 0.0182898
0.00107075 0.0183484
0.0010759 0.0184071
0.00108107 0.0184659
0.00108626 0.0185248
0.00109146 0.0185837
0.00109667 0.0186428
0.00110191 0.018702
0.00110716 0.0187613
0.00111242 0.0188206
0.00111771 0.0188801
0.00112301 0.0189396
0.00112832 0.0189992
0.00113366 0.019059
0.00113901 0.0191188
0.00114437 0.0191787
0.00114976 0.0192387
0.00115516 0.0192988
0.00116057 0.019359
0.00116601 0.0194193
0.00117146 0.0194797
0.00117693 0.0195401
0.00118241 0.0196007
0.00118792 0.0196614
0.00119343 0.0197221
0.00119897 0.019783
0.00120452 0.0198439
0.00121009 0.0199049
0.00121568 0.0199661
0.00122129 0.0200273
0.00122691 0.0200886
0.00123255 0.02015
0.0012382 0.0202115
0.00124388 0.0202731
0.00124957 0.0203347
0.00125528 0.0203965
0.001261 0.0204584
0.00126674 0.0205203
0.0012725 0.0205824
0.00127828 0.0206445
0.00128408 0.0207068
0.00128989 0.0207691
0.00129572 0.0208315
0.00130157 0.020894
0.00130743 0.0209567
0.00131331 0.0210194
0.00131921 0.0210821
0.00132513 0.021145
0.00133107 0.021208
0.00133702 0.0212711
0.00134299 0.0213343
0.00134898 0.0213975
0.00135498 0.0214609
0.00136101 0.0215243
0.00136705 0.0215878
0.00137311 0.0216515
0.00137919 0.0217152
0.00138528 0.021779
0.00139139 0.0218429
0.00139752 0.0219069
0.00140367 0.021971
0.00140984 0.0220352
0.00141603 0.0220995
0.00142223 0.0221639
0.00142845 0.0222283
0.00143469 0.0222929
0.00144095 0.0223575
0.00144722 0.0224223
0.00145351 0.0224871
0.00145983 0.022552
0.00146616 0.0226171
0.0014725 0.0226822
0.00147887 0.0227474
0.00148526 0.0228127
0.00149166 0.0228781
0.00149808 0.0229436
0.00150452 0.0230091
0.00151098 0.0230748
0.00151745 0.0231406
0.00152395 0.0232064
0.00153046 0.0232724
0.00153699 0.0233384
0.00154355 0.0234045
0.00155011 0.0234708
0.0015567 0.0235371
0.00156331 0.0236035
0.00156993 0.02367
0.00157658 0.0237366
0.00158324 0.0238033
0.00158992 0.0238701
0.00159662 0.0239369
0.00160334 0.0240039
0.00161007 0.024071
0.00161683 0.0241381
0.0016236 0.0242054
0.0016304 0.0242727
0.00163721 0.0243401
0.00164404 0.0244077
0.00165089 0.0244753
0.00165776 0.024543
0.00166465 0.0246108
0.00167156 0.0246787
0.00167848 0.0247467
0.00168543 0.0248147
0.00169239 0.0248829
0.00169938 0.0249512
0.00170638 0.0250195
0.0017134 0.025088
0.00172044 0.0251565
0.0017275 0.0252251
0.00173458 0.0252939
0.00174168 0.0253627
0.0017488 0.0254316
0.00175594 0.0255006
0.0017631 0.0255697
0.00177027 0.0256389
0.00177747 0.0257082
0.00178468 0.0257775
0.00179192 0.025847
0.00179917 0.0259166
0.00180644 0.0259862
0.00181374 0.026056
0.00182105 0.0261258
0.00182838 0.0261957
0.00183573 0.0262657
0.00184311 0.0263359
0.0018505 0.0264061
0.00185791 0.0264764
0.00186534 0.0265467
0.00187279 0.0266172
0.00188026 0.0266878
0.00188775 0.0267585
0.00189526 0.0268292
0.00190279 0.0269001
0.00191034 0.026971
0.00191791 0.0270421
0.0019255 0.0271132
0.0019331 0.0271844
0.00194073 0.0272557
0.00194838 0.0273271
0.00195605 0.0273986
0.00196374 0.0274702
0.00197145 0.0275419
0.00197918 0.0276137
0.00198693 0.0276855
0.0019947 0.0277575
0.00200249 0.0278296
0.0020103 0.0279017
0.00201813 0.0279739
0.00202598 0.0280463
0.00203385 0.0281187
0.00204174 0.0281912
0.00204965 0.0282638
0.00205758 0.0283365
0.00206554 0.0284093
0.00207351 0.0284822
0.0020815 0.0285551
0.00208952 0.0286282
0.00209755 0.0287014
0.00210561 0.0287746
0.00211368 0.028848
0.00212178 0.0289214
0.00212989 0.0289949
0.00213803 0.0290686
0.00214619 0.0291423
0.00215436 0.0292161
0.00216256 0.02929
0.00217078 0.029364
0.00217902 0.029438
0.00218728 0.0295122
0.00219557 0.0295865
0.00220387 0.0296608
0.00221219 0.0297353
0.00222054 0.0298098
0.0022289 0.0298845
0.00223729 0.0299592
0.0022457 0.030034
0.00225413 0.0301089
0.00226257 0.0301839
0.00227104 0.030259
0.00227954 0.0303342
0.00228805 0.0304095
0.00229658 0.0304848
0.00230514 0.0305603
0.00231371 0.0306359
0.00232231 0.0307115
0.00233093 0.0307873
0.00233957 0.0308631
0.00234823 0.030939
0.00235691 0.031015
0.00236561 0.0310911
0.00237434 0.0311673
0.00238309 0.0312436
0.00239185 0.03132
0.00240064 0.0313965
0.00240945 0.0314731
0.00241828 0.0315497
0.00242714 0.0316265
0.00243601 0.0317033
0.00244491 0.0317802
0.00245383 0.0318573
0.00246277 0.0319344
0.00247173 0.0320116
0.00248071 0.0320889
0.00248972 0.0321663
0.00249874 0.0322438
0.00250779 0.0323214
0.00251686 0.032399
0.00252595 0.0324768
0.00253506 0.0325547
0.0025442 0.0326326
0.00255336 0.0327106
0.00256254 0.0327888
0.00257174 0.032867
0.00258096 0.0329453
0.0025902 0.0330237
0.00259947 0.0331022
0.00260876 0.0331808
0.00261807 0.0332595
0.0026274 0.0333383
0.00263676 0.0334171
0.00264614 0.0334961
0.00265553 0.0335751
0.00266496 0.0336543
0.0026744 0.0337335
0.00268387 0.0338128
0.00269335 0.0338923
0.00270286 0.0339718
0.0027124 0.0340514
0.00272195 0.0341311
0.00273153 0.0342109
0.00274113 0.0342907
0.00275075 0.0343707
0.00276039 0.0344508
0.00277006 0.0345309
0.00277975 0.0346112
0.00278946 0.0346915
0.0027992 0.0347719
0.00280895 0.0348524
0.00281873 0.034933
0.00282854 0.0350137
0.00283836 0.0350945
0.00284821 0.0351754
0.00285808 0.0352564
0.00286797 0.0353375
0.00287789 0.0354186
0.00288783 0.0354999
0.00289779 0.0355812
0.00290777 0.0356627
0.00291778 0.0357442
0.00292781 0.0358258
0.00293786 0.0359075
0.00294794 0.0359893
0.00295803 0.0360712
0.00296815 0.0361532
0.0029783 0.0362353
0.00298847 0.0363175
0.00299866 0.0363997
0.00300887 0.0364821
0.00301911 0.0365645
0.00302937 0.0366471
0.00303965 0.0367297
0.00304996 0.0368124
0.00306028 0.0368952
0.00307064 0.0369781
0.00308101 0.0370611
0.00309141 0.0371442
0.00310183 0.0372274
0.00311228 0.0373106
0.00312275 0.037394
0.00313324 0.0374774
0.00314376 0.037561
0.0031543 0.0376446
0.00316486 0.0377284
0.00317544 0.0378122
0.00318605 0.0378961
0.00319669 0.0379801
0.00320734 0.0380642
0.00321802 0.0381484
0.00322873 0.0382326
0.00323946 0.038317
0.00325021 0.0384015
0.00326098 0.038486
0.00327178 0.0385706
0.0032826 0.0386554
0.00329345 0.0387402
0.00330432 0.0388251
0.00331521 0.0389101
0.00332613 0.0389952
0.00333707 0.0390804
0.00334804 0.0391657
0.00335903 0.0392511
0.00337004 0.0393365
0.00338108 0.0394221
0.00339214 0.0395077
0.00340322 0.0395935
0.00341433 0.0396793
0.00342546 0.0397652
0.00343662 0.0398512
0.0034478 0.0399373
0.00345901 0.0400235
0.00347024 0.0401098
0.00348149 0.0401962
0.00349277 0.0402827
0.00350407 0.0403692
0.0035154 0.0404559
0.00352675 0.0405426
0.00353813 0.0406295
0.00354953 0.0407164
0.00356095 0.0408034
0.0035724 0.0408905
0.00358387 0.0409777
0.00359537 0.041065
0.00360689 0.0411524
0.00361844 0.0412399
0.00363001 0.0413274
0.0036416 0.0414151
0.00365322 0.0415028
0.00366487 0.0415907
0.00367654 0.0416786
0.00368823 0.0417666
0.00369995 0.0418547
0.00371169 0.0419429
0.00372346 0.0420312
0.00373525 0.0421196
0.00374707 0.0422081
0.00375891 0.0422966
0.00377078 0.0423853
0.00378267 0.0424741
0.00379459 0.0425629
0.00380653 0.0426518
0.0038185 0.0427409
0.00383049 0.04283
0.0038425 0.0429192
0.00385455 0.0430085
0.00386661 0.0430979
0.0038787 0.0431873
0.00389082 0.0432769
0.00390296 0.0433666
0.00391513 0.0434563
0.00392732 0.0435462
0.00393954 0.0436361
0.00395178 0.0437261
0.00396405 0.0438162
0.00397635 0.0439064
0.00398866 0.0439967
0.00400101 0.0440871
0.00401338 0.0441776
0.00402577 0.0442682
0.00403819 0.0443588
0.00405064 0.0444496
0.00406311 0.0445404
0.0040756 0.0446314
0.00408813 0.0447224
0.00410067 0.0448135
0.00411325 0.0449047
0.00412584 0.044996
0.00413847 0.0450874
0.00415112 0.0451789
0.00416379 0.0452705
0.00417649 0.0453621
0.00418922 0.0454539
0.00420197 0.0455457
0.00421475 0.0456377
0.00422756 0.0457297
0.00424039 0.0458218
0.00425324 0.045914
0.00426612 0.0460063
0.00427903 0.0460987
0.00429196 0.0461912
0.00430492 0.0462838
0.00431791 0.0463764
0.00433092 0.0464692
0.00434396 0.046562
0.00435702 0.046655
0.00437011 0.046748
0.00438323 0.0468411
0.00439637 0.0469343
0.00440953 0.0470276
0.00442273 0.047121
0.00443595 0.0472145
0.00444919 0.0473081
0.00446247 0.0474017
0.00447577 0.0474955
0.00448909 0.0475893
0.00450244 0.0476833
0.00451582 0.0477773
0.00452922 0.0478714
0.00454265 0.0479656
0.00455611 0.0480599
0.00456959 0.0481543
0.0045831 0.0482488
0.00459664 0.0483433
0.0046102 0.048438
0.00462379 0.0485327
0.00463741 0.0486276
0.00465105 0.0487225
0.00466472 0.0488175
0.00467841 0.0489127
0.00469214 0.0490079
0.00470589 0.0491032
0.00471966 0.0491985
0.00473346 0.049294
0.00474729 0.0493896
0.00476115 0.0494852
0.00477503 0.049581
0.00478894 0.0496768
0.00480288 0.0497727
0.00481684 0.0498688
0.00483083 0.0499649
0.00484485 0.0500611
0.0048589 0.0501574
0.00487297 0.0502538
0.00488706 0.0503502
0.00490119 0.0504468
0.00491534 0.0505434
0.00492952 0.0506402
0.00494373 0.050737
0.00495796 0.0508339
0.00497222 0.050931
0.00498651 0.0510281
0.00500083 0.0511253
0.00501517 0.0512225
0.00502954 0.0513199
0.00504394 0.0514174
0.00505836 0.0515149
0.00507282 0.0516126
0.00508729 0.0517103
0.0051018 0.0518082
0.00511634 0.0519061
0.0051309 0.0520041
0.00514549 0.0521022
0.0051601 0.0522004
0.00517475 0.0522987
0.00518942 0.052397
0.00520412 0.0524955
0.00521885 0.0525941
0.0052336 0.0526927
0.00524838 0.0527914
0.00526319 0.0528903
0.00527803 0.0529892
0.0052929 0.0530882
0.00530779 0.0531873
0.00532271 0.0532864
0.00533766 0.0533857
0.00535264 0.0534851
0.00536764 0.0535845
0.00538267 0.0536841
0.00539773 0.0537837
0.00541282 0.0538835
0.00542794 0.0539833
0.00544308 0.0540832
0.00545825 0.0541832
0.00547345 0.0542833
0.00548868 0.0543834
0.00550394 0.0544837
0.00551922 0.0545841
0.00553454 0.0546845
0.00554988 0.054785
0.00556525 0.0548857
0.00558064 0.0549864
0.00559607 0.0550872
0.00561152 0.0551881
0.005627 0.0552891
0.00564252 0.0553902
0.00565805 0.0554913
0.00567362 0.0555926
0.00568922 0.055694
0.00570484 0.0557954
0.00572049 0.0558969
0.00573617 0.0559985
0.00575188 0.0561002
0.00576762 0.056202
0.00578339 0.0563039
0.00579918 0.0564059
0.00581501 0.056508
0.00583086 0.0566102
0.00584674 0.0567124
0.00586265 0.0568147
0.00587859 0.0569172
0.00589455 0.0570197
0.00591055 0.0571223
0.00592657 0.057225
0.00594263 0.0573278
0.00595871 0.0574307
0.00597482 0.0575336
0.00599096 0.0576367
0.00600713 0.0577399
0.00602332 0.0578431
0.00603955 0.0579464
0.00605581 0.0580498
0.00607209 0.0581534
0.0060884 0.058257
0.00610475 0.0583606
0.00612112 0.0584644
0.00613752 0.0585683
0.00615395 0.0586723
0.00617041 0.0587763
0.0061869 0.0588804
0.00620341 0.0589847
0.00621996 0.059089
0.00623654 0.0591934
0.00625314 0.0592979
0.00626978 0.0594025
0.00628644 0.0595072
0.00630313 0.0596119
0.00631986 0.0597168
0.00633661 0.0598217
0.00635339 0.0599268
0.0063702 0.0600319
0.00638704 0.0601371
0.00640391 0.0602424
0.00642081 0.0603478
0.00643774 0.0604533
0.0064547 0.0605589
0.00647168 0.0606646
0.0064887 0.0607703
0.00650575 0.0608762
0.00652283 0.0609821
0.00653993 0.0610881
0.00655707 0.0611942
0.00657423 0.0613004
0.00659143 0.0614067
0.00660866 0.0615131
0.00662591 0.0616196
0.0066432 0.0617261
0.00666051 0.0618328
0.00667786 0.0619395
0.00669523 0.0620464
0.00671264 0.0621533
0.00673007 0.0622603
0.00674754 0.0623674
0.00676503 0.0624746
0.00678256 0.0625819
0.00680011 0.0626892
0.0068177 0.0627967
0.00683531 0.0629042
0.00685296 0.0630119
0.00687064 0.0631196
0.00688834 0.0632274
0.00690608 0.0633353
0.00692384 0.0634433
0.00694164 0.0635514
0.00695947 0.0636596
0.00697733 0.0637679
0.00699521 0.0638762
0.00701313 0.0639847
0.00703108 0.0640932
0.00704906 0.0642018
0.00706707 0.0643105
0.00708511 0.0644193
0.00710318 0.0645282
0.00712128 0.0646372
0.00713941 0.0647463
0.00715757 0.0648554
0.00717577 0.0649647
0.00719399 0.065074
0.00721224 0.0651834
0.00723053 0.0652929
0.00724884 0.0654026
0.00726719 0.0655123
0.00728557 0.065622
0.00730397 0.0657319
0.00732241 0.0658419
0.00734088 0.0659519
0.00735938 0.0660621
0.00737791 0.0661723
0.00739648 0.0662826
0.00741507 0.066393
0.00743369 0.0665035
0.00745235 0.0666141
0.00747103 0.0667248
0.00748975 0.0668356
0.0075085 0.0669464
0.00752728 0.0670574
0.00754609 0.0671684
0.00756493 0.0672795
0.0075838 0.0673907
0.0076027 0.067502
0.00762164 0.0676134
0.00764061 0.0677249
0.0076596 0.0678365
0.00767863 0.0679481
0.00769769 0.0680599
0.00771678 0.0681717
0.0077359 0.0682836
0.00775506 0.0683957
0.00777424 0.0685078
0.00779346 0.0686199
0.00781271 0.0687322
0.00783199 0.0688446
0.0078513 0.0689571
0.00787064 0.0690696
0.00789002 0.0691823
0.00790942 0.069295
0.00792886 0.0694078
0.00794833 0.0695207
0.00796783 0.0696337
0.00798736 0.0697468
0.00800693 0.06986
0.00802652 0.0699732
0.00804615 0.0700866
0.00806581 0.0702
0.0080855 0.0703135
0.00810522 0.0704271
0.00812498 0.0705409
0.00814477 0.0706547
0.00816459 0.0707685
0.00818444 0.0708825
0.00820432 0.0709966
0.00822423 0.0711107
0.00824418 0.071225
0.00826416 0.0713393
0.00828417 0.0714537
0.00830421 0.0715682
0.00832429 0.0716828
0.00834439 0.0717975
0.00836453 0.0719123
0.0083847 0.0720271
0.00840491 0.0721421
0.00842514 0.0722571
0.00844541 0.0723723
0.00846571 0.0724875
0.00848604 0.0726028
0.00850641 0.0727182
0.00852681 0.0728337
0.00854724 0.0729492
0.0085677 0.0730649
0.00858819 0.0731806
0.00860872 0.0732965
0.00862928 0.0734124
0.00864987 0.0735284
0.0086705 0.0736445
0.00869115 0.0737607
0.00871184 0.073877
0.00873257 0.0739934
0.00875332 0.0741098
0.00877411 0.0742264
0.00879493 0.074343
0.00881578 0.0744597
0.00883667 0.0745766
0.00885758 0.0746935
0.00887854 0.0748104
0.00889952 0.0749275
0.00892054 0.0750447
0.00894159 0.075162
0.00896267 0.0752793
0.00898378 0.0753967
0.00900493 0.0755143
0.00902611 0.0756319
0.00904733 0.0757496
0.00906858 0.0758674
0.00908986 0.0759852
0.00911117 0.0761032
0.00913252 0.0762213
0.0091539 0.0763394
0.00917531 0.0764576
0.00919675 0.076576
0.00921823 0.0766944
0.00923974 0.0768129
0.00926129 0.0769314
0.00928287 0.0770501
0.00930448 0.0771689
0.00932613 0.0772877
0.0093478 0.0774067
0.00936952 0.0775257
0.00939126 0.0776448
0.00941304 0.077764
0.00943485 0.0778833
0.0094567 0.0780027
0.00947858 0.0781222
0.00950049 0.0782417
0.00952244 0.0783614
0.00954442 0.0784811
0.00956643 0.0786009
0.00958848 0.0787208
0.00961056 0.0788408
0.00963267 0.0789609
0.00965482 0.0790811
0.009677 0.0792013
0.00969921 0.0793217
0.00972146 0.0794421
0.00974375 0.0795627
0.00976606 0.0796833
0.00978841 0.079804
0.0098108 0.0799248
0.00983321 0.0800457
0.00985567 0.0801666
0.00987815 0.0802877
0.00990067 0.0804088
0.00992322 0.0805301
0.00994581 0.0806514
0.00996843 0.0807728
0.00999109 0.0808943
0.0100138 0.0810159
0.0100365 0.0811376
0.0100593 0.0812593
0.0100821 0.0813812
0.0101049 0.0815031
0.0101277 0.0816251
0.0101506 0.0817473
0.0101736 0.0818695
0.0101965 0.0819918
0.0102195 0.0821141
0.0102426 0.0822366
0.0102656 0.0823592
0.0102887 0.0824818
0.0103119 0.0826045
0.010335 0.0827274
0.0103582 0.0828503
0.0103815 0.0829733
0.0104047 0.0830963
0.010428 0.0832195
0.0104514 0.0833428
0.0104748 0.0834661
0.0104982 0.0835896
0.0105216 0.0837131
0.0105451 0.0838367
0.0105686 0.0839604
0.0105922 0.0840842
0.0106158 0.0842081
0.0106394 0.084332
0.010663 0.0844561
0.0106867 0.0845802
0.0107104 0.0847044
0.0107342 0.0848287
0.010758 0.0849531
0.0107818 0.0850776
0.0108057 0.0852022
0.0108296 0.0853269
0.0108535 0.0854516
0.0108775 0.0855765
0.0109015 0.0857014
0.0109255 0.0858264
0.0109496 0.0859515
0.0109737 0.0860767
0.0109978 0.086202
0.011022 0.0863274
0.0110462 0.0864528
0.0110705 0.0865784
0.0110948 0.086704
0.0111191 0.0868297
0.0111434 0.0869555
0.0111678 0.0870814
0.0111922 0.0872074
0.0112167 0.0873335
0.0112412 0.0874596
0.0112657 0.0875859
0.0112903 0.0877122
0.0113149 0.0878386
0.0113395 0.0879651
0.0113642 0.0880917
0.0113889 0.0882184
0.0114137 0.0883452
0.0114384 0.088472
0.0114633 0.088599
0.0114881 0.088726
0.011513 0.0888531
0.0115379 0.0889803
0.0115629 0.0891076
0.0115879 0.089235
0.0116129 0.0893625
0.011638 0.08949
0.011663 0.0896177
0.0116882 0.0897454
0.0117134 0.0898732
0.0117386 0.0900011
0.0117638 0.0901291
0.0117891 0.0902572
0.0118144 0.0903854
0.0118398 0.0905136
0.0118651 0.090642
0.0118906 0.0907704
0.011916 0.0908989
0.0119415 0.0910275
0.011967 0.0911562
0.0119926 0.091285
0.0120182 0.0914139
0.0120439 0.0915428
0.0120695 0.0916719
0.0120952 0.091801
0.012121 0.0919302
0.0121468 0.0920595
0.0121726 0.0921889
0.0121984 0.0923184
0.0122243 0.0924479
0.0122503 0.0925776
0.0122762 0.0927073
0.0123022 0.0928372
0.0123283 0.0929671
0.0123544 0.0930971
0.0123805 0.0932272
0.0124066 0.0933573
0.0124328 0.0934876
0.012459 0.093618
0.0124853 0.0937484
0.0125116 0.0938789
0.0125379 0.0940095
0.0125643 0.0941402
0.0125907 0.094271
0.0126171 0.0944019
0.0126436 0.0945329
0.0126701 0.0946639
0.0126966 0.094795
0.0127232 0.0949263
0.0127499 0.0950576
0.0127765 0.095189
0.0128032 0.0953204
0.01283 0.095452
0.0128567 0.0955837
0.0128835 0.0957154
0.0129104 0.0958472
0.0129373 0.0959792
0.0129642 0.0961112
0.0129911 0.0962433
0.0130181 0.0963754
0.0130452 0.0965077
0.0130722 0.0966401
0.0130993 0.0967725
0.0131265 0.096905
0.0131536 0.0970376
0.0131809 0.0971703
0.0132081 0.0973031
0.0132354 0.097436
0.0132627 0.0975689
0.0132901 0.097702
0.0133175 0.0978351
0.0133449 0.0979683
0.0133724 0.0981017
0.0133999 0.098235
0.0134275 0.0983685
0.0134551 0.0985021
0.0134827 0.0986358
0.0135104 0.0987695
0.0135381 0.0989033
0.0135658 0.0990372
0.0135936 0.0991712
0.0136214 0.0993053
0.0136492 0.0994395
0.0136771 0.0995738
0.0137051 0.0997081
0.013733 0.0998425
0.013761 0.0999771
0.0137891 0.100112
0.0138171 0.100246
0.0138453 0.100381
0.0138734 0.100516
0.0139016 0.100651
0.0139298 0.100786
0.0139581 0.100921
0.0139864 0.101056
0.0140148 0.101192
0.0140431 0.101327
0.0140716 0.101463
0.0141 0.101598
0.0141285 0.101734
0.014157 0.101869
0.0141856 0.102005
0.0142142 0.102141
0.0142429 0.102277
0.0142715 0.102413
0.0143003 0.102549
0.014329 0.102686
0.0143578 0.102822
0.0143867 0.102958
0.0144155 0.103095
0.0144445 0.103232
0.0144734 0.103368
0.0145024 0.103505
0.0145314 0.103642
0.0145605 0.103779
0.0145896 0.103916
0.0146187 0.104053
0.0146479 0.10419
0.0146772 0.104327
0.0147064 0.104465
0.0147357 0.104602
0.014765 0.10474
0.0147944 0.104877
0.0148238 0.105015
0.0148533 0.105153
0.0148828 0.105291
0.0149123 0.105429
0.0149419 0.105567
0.0149715 0.105705
0.0150011 0.105843
0.0150308 0.105982
0.0150605 0.10612
0.0150903 0.106259
0.0151201 0.106397
0.0151499 0.106536
0.0151798 0.106675
0.0152097 0.106813
0.0152397 0.106952
0.0152697 0.107091
0.0152997 0.10723
0.0153298 0.10737
0.0153599 0.107509
0.0153901 0.107648
0.0154203 0.107788
0.0154505 0.107927
0.0154808 0.108067
0.0155111 0.108206
0.0155414 0.108346
0.0155718 0.108486
0.0156022 0.108626
0.0156327 0.108766
0.0156632 0.108906
0.0156937 0.109046
0.0157243 0.109187
0.0157549 0.109327
0.0157856 0.109468
0.0158163 0.109608
0.015847 0.109749
0.0158778 0.10989
0.0159086 0.11003
0.0159395 0.110171
0.0159704 0.110312
0.0160013 0.110453
0.0160323 0.110595
0.0160633 0.110736
0.0160944 0.110877
0.0161255 0.111019
0.0161566 0.11116
0.0161878 0.111302
0.016219 0.111443
0.0162503 0.111585
0.0162816 0.111727
0.0163129 0.111869
0.0163443 0.112011
0.0163757 0.112153
0.0164071 0.112295
0.0164386 0.112437
0.0164702 0.11258
0.0165017 0.112722
0.0165333 0.112865
0.016565 0.113007
0.0165967 0.11315
0.0166284 0.113293
0.0166602 0.113436
0.016692 0.113579
0.0167239 0.113722
0.0167558 0.113865
0.0167877 0.114008
0.0168197 0.114151
0.0168517 0.114295
0.0168837 0.114438
0.0169158 0.114582
0.016948 0.114725
0.0169801 0.114869
0.0170124 0.115013
0.0170446 0.115157
0.0170769 0.115301
0.0171092 0.115445
0.0171416 0.115589
0.017174 0.115733
0.0172065 0.115878
0.017239 0.116022
0.0172715 0.116167
0.0173041 0.116311
0.0173367 0.116456
0.0173694 0.116601
0.0174021 0.116745
0.0174348 0.11689
0.0174676 0.117035
0.0175004 0.11718
0.0175333 0.117326
0.0175662 0.117471
0.0175991 0.117616
0.0176321 0.117762
0.0176652 0.117907
0.0176982 0.118053
0.0177313 0.118199
0.0177645 0.118344
0.0177977 0.11849
0.0178309 0.118636
0.0178642 0.118782
0.0178975 0.118928
0.0179308 0.119074
0.0179642 0.119221
0.0179977 0.119367
0.0180311 0.119514
0.0180647 0.11966
0.0180982 0.119807
0.0181318 0.119953
0.0181655 0.1201
0.0181991 0.120247
0.0182329 0.120394
0.0182666 0.120541
0.0183004 0.120688
0.0183343 0.120836
0.0183682 0.120983
0.0184021 0.12113
0.0184361 0.121278
0.0184701 0.121425
0.0185041 0.121573
0.0185382 0.121721
0.0185724 0.121868
0.0186065 0.122016
0.0186408 0.122164
0.018675 0.122312
0.0187093 0.122461
0.0187437 0.122609
0.018778 0.122757
0.0188125 0.122906
0.0188469 0.123054
0.0188815 0.123203
0.018916 0.123351
0.0189506 0.1235
0.0189852 0.123649
0.0190199 0.123798
0.0190546 0.123947
0.0190894 0.124096
0.0191242 0.124245
0.019159 0.124394
0.0191939 0.124544
0.0192288 0.124693
0.0192638 0.124843
0.0192988 0.124992
0.0193339 0.125142
0.019369 0.125292
0.0194041 0.125442
0.0194393 0.125592
0.0194745 0.125742
0.0195098 0.125892
0.0195451 0.126042
0.0195804 0.126192
0.0196158 0.126342
0.0196513 0.126493
0.0196867 0.126643
0.0197222 0.126794
0.0197578 0.126945
0.0197934 0.127096
0.019829 0.127246
0.0198647 0.127397
0.0199005 0.127548
0.0199362 0.1277
0.019972 0.127851
0.0200079 0.128002
0.0200438 0.128153
0.0200797 0.128305
0.0201157 0.128456
0.0201517 0.128608
0.0201878 0.12876
0.0202239 0.128912
0.0202601 0.129063
0.0202963 0.129215
0.0203325 0.129367
0.0203688 0.12952
0.0204051 0.129672
0.0204415 0.129824
0.0204779 0.129976
0.0205143 0.130129
0.0205508 0.130282
0.0205874 0.130434
0.0206239 0.130587
0.0206606 0.13074
0.0206972 0.130893
0.0207339 0.131046
0.0207707 0.131199
0.0208075 0.131352
0.0208443 0.131505
0.0208812 0.131658
0.0209181 0.131812
0.0209551 0.131965
0.0209921 0.132119
0.0210291 0.132272
0.0210662 0.132426
0.0211034 0.13258
0.0211405 0.132734
0.0211778 0.132888
0.021215 0.133042
0.0212523 0.133196
0.0212897 0.13335
0.0213271 0.133505
0.0213645 0.133659
0.021402 0.133814
0.0214395 0.133968
0.0214771 0.134123
0.0215147 0.134278
0.0215524 0.134432
0.0215901 0.134587
0.0216278 0.134742
0.0216656 0.134897
0.0217034 0.135052
0.0217413 0.135208
0.0217792 0.135363
0.0218172 0.135518
0.0218552 0.135674
0.0218932 0.13583
0.0219313 0.135985
0.0219695 0.136141
0.0220077 0.136297
0.0220459 0.136453
0.0220841 0.136609
0.0221225 0.136765
0.0221608 0.136921
0.0221992 0.137077
0.0222376 0.137234
0.0222761 0.13739
0.0223147 0.137546
0.0223532 0.137703
0.0223918 0.13786
0.0224305 0.138016
0.0224692 0.138173
0.022508 0.13833
0.0225468 0.138487
0.0225856 0.138644
0.0226245 0.138802
0.0226634 0.138959
0.0227024 0.139116
0.0227414 0.139274
0.0227804 0.139431
0.0228195 0.139589
0.0228587 0.139746
0.0228979 0.139904
0.0229371 0.140062
0.0229764 0.14022
0.0230157 0.140378
0.0230551 0.140536
0.0230945 0.140694
0.0231339 0.140852
0.0231734 0.141011
0.023213 0.141169
0.0232526 0.141328
0.0232922 0.141486
0.0233319 0.141645
0.0233716 0.141804
0.0234114 0.141962
0.0234512 0.142121
0.023491 0.14228
0.0235309 0.142439
0.0235709 0.142599
0.0236109 0.142758
0.0236509 0.142917
0.023691 0.143077
0.0237311 0.143236
0.0237713 0.143396
0.0238115 0.143555
0.0238517 0.143715
0.023892 0.143875
0.0239324 0.144035
0.0239728 0.144195
0.0240132 0.144355
0.0240537 0.144515
0.0240942 0.144676
0.0241348 0.144836
0.0241754 0.144996
0.0242161 0.145157
0.0242568 0.145317
0.0242975 0.145478
0.0243383 0.145639
0.0243792 0.1458
0.0244201 0.145961
0.024461 0.146122
0.024502 0.146283
0.024543 0.146444
0.0245841 0.146605
0.0246252 0.146766
0.0246663 0.146928
0.0247075 0.147089
0.0247488 0.147251
0.0247901 0.147413
0.0248314 0.147574
0.0248728 0.147736
0.0249142 0.147898
0.0249557 0.14806
0.0249972 0.148222
0.0250388 0.148384
0.0250804 0.148547
0.0251221 0.148709
0.0251638 0.148871
0.0252055 0.149034
0.0252473 0.149196
0.0252891 0.149359
0.025331 0.149522
0.025373 0.149685
0.0254149 0.149848
0.025457 0.150011
0.025499 0.150174
0.0255411 0.150337
0.0255833 0.1505
0.0256255 0.150663
0.0256677 0.150827
0.02571 0.15099
0.0257524 0.151154
0.0257948 0.151317
0.0258372 0.151481
0.0258797 0.151645
0.0259222 0.151809
0.0259648 0.151973
0.0260074 0.152137
0.0260501 0.152301
0.0260928 0.152465
0.0261355 0.15263
0.0261783 0.152794
0.0262212 0.152958
0.0262641 0.153123
0.026307 0.153288
0.02635 0.153452
0.026393 0.153617
0.0264361 0.153782
0.0264792 0.153947
0.0265224 0.154112
0.0265656 0.154277
0.0266089 0.154443
0.0266522 0.154608
0.0266955 0.154773
0.0267389 0.154939
0.0267824 0.155104
0.0268259 0.15527
0.0268694 0.155436
0.026913 0.155601
0.0269567 0.155767
0.0270003 0.155933
0.0270441 0.156099
0.0270878 0.156265
0.0271317 0.156432
0.0271755 0.156598
0.0272194 0.156764
0.0272634 0.156931
0.0273074 0.157097
0.0273515 0.157264
0.0273956 0.157431
0.0274397 0.157597
0.0274839 0.157764
0.0275281 0.157931
0.0275724 0.158098
0.0276168 0.158265
0.0276611 0.158432
0.0277056 0.1586
0.0277501 0.158767
0.0277946 0.158935
0.0278391 0.159102
0.0278838 0.15927
0.0279284 0.159437
0.0279731 0.159605
0.0280179 0.159773
0.0280627 0.159941
0.0281075 0.160109
0.0281524 0.160277
0.0281974 0.160445
0.0282424 0.160613
0.0282874 0.160782
0.0283325 0.16095
0.0283776 0.161119
0.0284228 0.161287
0.0284681 0.161456
0.0285133 0.161625
0.0285587 0.161794
0.028604 0.161962
0.0286494 0.162131
0.0286949 0.162301
0.0287404 0.16247
0.028786 0.162639
0.0288316 0.162808
0.0288772 0.162978
0.0289229 0.163147
0.0289687 0.163317
0.0290145 0.163486
0.0290603 0.163656
0.0291062 0.163826
0.0291522 0.163996
0.0291982 0.164166
0.0292442 0.164336
0.0292903 0.164506
0.0293364 0.164676
0.0293826 0.164847
0.0294288 0.165017
0.0294751 0.165187
0.0295214 0.165358
0.0295678 0.165529
0.0296142 0.165699
0.0296607 0.16587
0.0297072 0.166041
0.0297537 0.166212
0.0298003 0.166383
0.029847 0.166554
0.0298937 0.166725
0.0299405 0.166896
0.0299873 0.167068
0.0300341 0.167239
0.030081 0.167411
0.030128 0.167582
0.0301749 0.167754
0.030222 0.167926
0.0302691 0.168098
0.0303162 0.16827
0.0303634 0.168442
0.0304106 0.168614
0.0304579 0.168786
0.0305052 0.168958
0.0305526 0.169131
0.0306001 0.169303
0.0306475 0.169475
0.0306951 0.169648
0.0307426 0.169821
0.0307902 0.169993
0.0308379 0.170166
0.0308856 0.170339
0.0309334 0.170512
0.0309812 0.170685
0.0310291 0.170858
0.031077 0.171032
0.0311249 0.171205
0.031173 0.171378
0.031221 0.171552
0.0312691 0.171725
0.0313173 0.171899
0.0313655 0.172073
0.0314137 0.172246
0.031462 0.17242
0.0315104 0.172594
0.0315588 0.172768
0.0316072 0.172942
0.0316557 0.173117
0.0317043 0.173291
0.0317529 0.173465
0.0318015 0.17364
0.0318502 0.173814
0.0318989 0.173989
0.0319477 0.174164
0.0319966 0.174338
0.0320455 0.174513
0.0320944 0.174688
0.0321434 0.174863
0.0321924 0.175038
0.0322415 0.175213
0.0322906 0.175389
0.0323398 0.175564
0.032389 0.175739
0.0324383 0.175915
0.0324876 0.17609
0.032537 0.176266
0.0325865 0.176442
0.0326359 0.176618
0.0326855 0.176793
0.032735 0.176969
0.0327847 0.177146
0.0328343 0.177322
0.0328841 0.177498
0.0329338 0.177674
0.0329836 0.177851
0.0330335 0.178027
0.0330834 0.178204
0.0331334 0.17838
0.0331834 0.178557
0.0332335 0.178734
0.0332836 0.178911
0.0333338 0.179087
0.033384 0.179264
0.0334343 0.179442
0.0334846 0.179619
0.033535 0.179796
0.0335854 0.179973
0.0336358 0.180151
0.0336864 0.180328
0.0337369 0.180506
0.0337875 0.180684
0.0338382 0.180861
0.0338889 0.181039
0.0339397 0.181217
0.0339905 0.181395
0.0340414 0.181573
0.0340923 0.181751
0.0341433 0.181929
0.0341943 0.182108
0.0342453 0.182286
0.0342965 0.182465
0.0343476 0.182643
0.0343988 0.182822
0.0344501 0.183001
0.0345014 0.183179
0.0345528 0.183358
0.0346042 0.183537
0.0346557 0.183716
0.0347072 0.183895
0.0347587 0.184074
0.0348104 0.184254
0.034862 0.184433
0.0349137 0.184613
0.0349655 0.184792
0.0350173 0.184972
0.0350692 0.185151
0.0351211 0.185331
0.0351731 0.185511
0.0352251 0.185691
0.0352772 0.185871
0.0353293 0.186051
0.0353815 0.186231
0.0354337 0.186411
0.035486 0.186592
0.0355383 0.186772
0.0355907 0.186952
0.0356431 0.187133
0.0356956 0.187314
0.0357481 0.187494
0.0358007 0.187675
0.0358533 0.187856
0.035906 0.188037
0.0359587 0.188218
0.0360115 0.188399
0.0360643 0.18858
0.0361172 0.188761
0.0361701 0.188943
0.0362231 0.189124
0.0362761 0.189306
0.0363292 0.189487
0.0363823 0.189669
0.0364355 0.189851
0.0364888 0.190033
0.036542 0.190214
0.0365954 0.190396
0.0366488 0.190578
0.0367022 0.190761
0.0367557 0.190943
0.0368092 0.191125
0.0368628 0.191307
0.0369165 0.19149
0.0369702 0.191672
0.0370239 0.191855
0.0370777 0.192038
0.0371316 0.192221
0.0371855 0.192403
0.0372394 0.192586
0.0372934 0.192769
0.0373475 0.192952
0.0374016 0.193136
0.0374557 0.193319
0.03751 0.193502
0.0375642 0.193686
0.0376185 0.193869
0.0376729 0.194053
0.0377273 0.194236
0.0377818 0.19442
0.0378363 0.194604
0.0378909 0.194788
0.0379455 0.194972
0.0380001 0.195156
0.0380549 0.19534
0.0381096 0.195524
0.0381645 0.195708
0.0382193 0.195893
0.0382743 0.196077
0.0383293 0.196262
0.0383843 0.196446
0.0384394 0.196631
0.0384945 0.196816
0.0385497 0.197001
0.0386049 0.197185
0.0386602 0.19737
0.0387156 0.197556
0.038771 0.197741
0.0388264 0.197926
0.0388819 0.198111
0.0389375 0.198297
0.0389931 0.198482
0.0390487 0.198668
0.0391044 0.198853
0.0391602 0.199039
0.039216 0.199225
0.0392719 0.199411
0.0393278 0.199597
0.0393838 0.199783
0.0394398 0.199969
0.0394959 0.200155
0.039552 0.200341
0.0396082 0.200527
0.0396644 0.200714
0.0397207 0.2009
0.039777 0.201087
0.0398334 0.201274
0.0398898 0.20146
0.0399463 0.201647
0.0400029 0.201834
0.0400595 0.202021
0.0401161 0.202208
0.0401728 0.202395
0.0402296 0.202582
0.0402864 0.20277
0.0403432 0.202957
0.0404001 0.203144
0.0404571 0.203332
0.0405141 0.203519
0.0405712 0.203707
0.0406283 0.203895
0.0406855 0.204083
0.0407427 0.204271
0.0408 0.204459
0.0408573 0.204647
0.0409147 0.204835
0.0409721 0.205023
0.0410296 0.205211
0.0410872 0.2054
0.0411447 0.205588
0.0412024 0.205777
0.0412601 0.205965
0.0413179 0.206154
0.0413757 0.206343
0.0414335 0.206532
0.0414914 0.206721
0.0415494 0.20691
0.0416074 0.207099
0.0416655 0.207288
0.0417236 0.207477
0.0417818 0.207666
0.04184 0.207856
0.0418983 0.208045
0.0419566 0.208235
0.042015 0.208424
0.0420735 0.208614
0.042132 0.208804
0.0421905 0.208994
0.0422491 0.209184
0.0423078 0.209374
0.0423665 0.209564
0.0424252 0.209754
0.0424841 0.209944
0.0425429 0.210135
0.0426019 0.210325
0.0426608 0.210515
0.0427199 0.210706
0.0427789 0.210897
0.0428381 0.211087
0.0428973 0.211278
0.0429565 0.211469
0.0430158 0.21166
0.0430752 0.211851
0.0431346 0.212042
0.043194 0.212233
0.0432535 0.212425
0.0433131 0.212616
0.0433727 0.212807
0.0434324 0.212999
0.0434921 0.21319
0.0435519 0.213382
0.0436117 0.213574
0.0436716 0.213766
0.0437315 0.213958
0.0437915 0.21415
0.0438516 0.214342
0.0439117 0.214534
0.0439718 0.214726
0.0440321 0.214918
0.0440923 0.21511
0.0441526 0.215303
0.044213 0.215495
0.0442734 0.215688
0.0443339 0.215881
0.0443944 0.216073
0.044455 0.216266
0.0445157 0.216459
0.0445764 0.216652
0.0446371 0.216845
0.0446979 0.217038
0.0447588 0.217232
0.0448197 0.217425
0.0448807 0.217618
0.0449417 0.217812
0.0450027 0.218005
0.0450639 0.218199
0.0451251 0.218392
0.0451863 0.218586
0.0452476 0.21878
0.0453089 0.218974
0.0453703 0.219168
0.0454318 0.219362
0.0454933 0.219556
0.0455549 0.21975
0.0456165 0.219945
0.0456782 0.220139
0.0457399 0.220333
0.0458017 0.220528
0.0458635 0.220722
0.0459254 0.220917
0.0459873 0.221112
0.0460493 0.221307
0.0461114 0.221502
0.0461735 0.221697
0.0462357 0.221892
0.0462979 0.222087
0.0463601 0.222282
0.0464225 0.222477
0.0464849 0.222673
0.0465473 0.222868
0.0466098 0.223064
0.0466723 0.223259
0.0467349 0.223455
0.0467976 0.223651
0.0468603 0.223846
0.0469231 0.224042
0.0469859 0.224238
0.0470488 0.224434
0.0471117 0.224631
0.0471747 0.224827
0.0472377 0.225023
0.0473008 0.225219
0.047364 0.225416
0.0474272 0.225612
0.0474904 0.225809
0.0475538 0.226006
0.0476171 0.226202
0.0476806 0.226399
0.047744 0.226596
0.0478076 0.226793
0.0478712 0.22699
0.0479348 0.227187
0.0479985 0.227385
0.0480623 0.227582
0.0481261 0.227779
0.04819 0.227977
0.0482539 0.228174
0.0483179 0.228372
0.0483819 0.228569
0.048446 0.228767
0.0485101 0.228965
0.0485743 0.229163
0.0486386 0.229361
0.0487029 0.229559
0.0487673 0.229757
0.0488317 0.229955
0.0488962 0.230154
0.0489607 0.230352
0.0490253 0.23055
0.0490899 0.230749
0.0491546 0.230947
0.0492194 0.231146
0.0492842 0.231345
0.0493491 0.231544
0.049414 0.231743
0.049479 0.231942
0.049544 0.232141
0.0496091 0.23234
0.0496743 0.232539
0.0497395 0.232738
0.0498047 0.232938
0.04987 0.233137
0.0499354 0.233336
0.0500008 0.233536
0.0500663 0.233736
0.0501318 0.233935
0.0501974 0.234135
0.0502631 0.234335
0.0503288 0.234535
0.0503946 0.234735
0.0504604 0.234935
0.0505263 0.235135
0.0505922 0.235336
0.0506582 0.235536
0.0507242 0.235736
0.0507903 0.235937
0.0508565 0.236137
0.0509227 0.236338
0.050989 0.236539
0.0510553 0.23674
0.0511217 0.236941
0.0511881 0.237141
0.0512546 0.237342
0.0513211 0.237544
0.0513877 0.237745
0.0514544 0.237946
0.0515211 0.238147
0.0515879 0.238349
0.0516547 0.23855
0.0517216 0.238752
0.0517886 0.238953
0.0518556 0.239155
0.0519226 0.239357
0.0519897 0.239559
0.0520569 0.239761
0.0521241 0.239963
0.0521914 0.240165
0.0522588 0.240367
0.0523262 0.240569
0.0523936 0.240771
0.0524611 0.240974
0.0525287 0.241176
0.0525963 0.241379
0.052664 0.241581
0.0527317 0.241784
0.0527995 0.241987
0.0528674 0.24219
0.0529353 0.242393
0.0530033 0.242596
0.0530713 0.242799
0.0531394 0.243002
0.0532075 0.243205
0.0532757 0.243408
0.0533439 0.243612
0.0534122 0.243815
0.0534806 0.244019
0.053549 0.244222
0.0536175 0.244426
0.053686 0.24463
0.0537546 0.244834
0.0538233 0.245037
0.053892 0.245241
0.0539607 0.245445
0.0540296 0.24565
0.0540984 0.245854
0.0541674 0.246058
0.0542364 0.246262
0.0543054 0.246467
0.0543745 0.246671
0.0544437 0.246876
0.0545129 0.247081
0.0545822 0.247285
0.0546515 0.24749
0.0547209 0.247695
0.0547904 0.2479
0.0548599 0.248105
0.0549295 0.24831
0.0549991 0.248515
0.0550688 0.24872
0.0551385 0.248926
0.0552083 0.249131
0.0552782 0.249337
0.0553481 0.249542
0.055418 0.249748
0.0554881 0.249953
0.0555581 0.250159
0.0556283 0.250365
0.0556985 0.250571
0.0557687 0.250777
0.0558391 0.250983
0.0559094 0.251189
0.0559799 0.251395
0.0560504 0.251602
0.0561209 0.251808
0.0561915 0.252015
0.0562622 0.252221
0.0563329 0.252428
0.0564037 0.252634
0.0564745 0.252841
0.0565454 0.253048
0.0566164 0.253255
0.0566874 0.253462
0.0567584 0.253669
0.0568296 0.253876
0.0569007 0.254083
0.056972 0.25429
0.0570433 0.254498
0.0571146 0.254705
0.0571861 0.254913
0.0572575 0.25512
0.0573291 0.255328
0.0574007 0.255535
0.0574723 0.255743
0.057544 0.255951
0.0576158 0.256159
0.0576876 0.256367
0.0577595 0.256575
0.0578314 0.256783
0.0579034 0.256992
0.0579755 0.2572
0.0580476 0.257408
0.0581198 0.257617
0.058192 0.257825
0.0582643 0.258034
0.0583367 0.258242
0.0584091 0.258451
0.0584815 0.25866
0.0585541 0.258869
0.0586266 0.259078
0.0586993 0.259287
0.058772 0.259496
0.0588447 0.259705
0.0589176 0.259915
0.0589904 0.260124
0.0590634 0.260333
0.0591364 0.260543
0.0592094 0.260752
0.0592825 0.260962
0.0593557 0.261172
0.0594289 0.261382
0.0595022 0.261591
0.0595756 0.261801
0.059649 0.262011
0.0597224 0.262221
0.059796 0.262432
0.0598695 0.262642
0.0599432 0.262852
0.0600169 0.263063
0.0600906 0.263273
0.0601645 0.263483
0.0602383 0.263694
0.0603123 0.263905
0.0603863 0.264116
0.0604603 0.264326
0.0605344 0.264537
0.0606086 0.264748
0.0606828 0.264959
0.0607571 0.26517
0.0608315 0.265382
0.0609059 0.265593
0.0609804 0.265804
0.0610549 0.266016
0.0611295 0.266227
0.0612041 0.266439
0.0612788 0.26665
0.0613536 0.266862
0.0614284 0.267074
0.0615033 0.267286
0.0615783 0.267498
0.0616533 0.26771
0.0617283 0.267922
0.0618034 0.268134
0.0618786 0.268346
0.0619539 0.268558
0.0620292 0.268771
0.0621045 0.268983
0.0621799 0.269196
0.0622554 0.269408
0.062331 0.269621
0.0624066 0.269834
0.0624822 0.270046
0.0625579 0.270259
0.0626337 0.270472
0.0627095 0.270685
0.0627854 0.270898
0.0628614 0.271111
0.0629374 0.271325
0.0630135 0.271538
0.0630896 0.271751
0.0631658 0.271965
0.0632421 0.272178
0.0633184 0.272392
0.0633948 0.272606
0.0634712 0.27282
0.0635477 0.273033
0.0636243 0.273247
0.0637009 0.273461
0.0637775 0.273675
0.0638543 0.273889
0.0639311 0.274104
0.0640079 0.274318
0.0640848 0.274532
0.0641618 0.274747
0.0642388 0.274961
0.0643159 0.275176
0.0643931 0.27539
0.0644703 0.275605
0.0645476 0.27582
0.0646249 0.276035
0.0647023 0.27625
0.0647798 0.276465
0.0648573 0.27668
0.0649349 0.276895
0.0650125 0.27711
0.0650902 0.277325
0.065168 0.277541
0.0652458 0.277756
0.0653237 0.277972
0.0654016 0.278187
0.0654796 0.278403
0.0655577 0.278619
0.0656358 0.278834
0.065714 0.27905
0.0657922 0.279266
0.0658705 0.279482
0.0659489 0.279698
0.0660273 0.279914
0.0661058 0.280131
0.0661843 0.280347
0.0662629 0.280563
0.0663416 0.28078
0.0664203 0.280996
0.0664991 0.281213
0.0665779 0.28143
0.0666569 0.281646
0.0667358 0.281863
0.0668149 0.28208
0.0668939 0.282297
0.0669731 0.282514
0.0670523 0.282731
0.0671316 0.282948
0.0672109 0.283165
0.0672903 0.283383
0.0673698 0.2836
0.0674493 0.283818
0.0675289 0.284035
0.0676085 0.284253
0.0676882 0.28447
0.067768 0.284688
0.0678478 0.284906
0.0679277 0.285124
0.0680076 0.285342
0.0680876 0.28556
0.0681677 0.285778
0.0682478 0.285996
0.068328 0.286215
0.0684082 0.286433
0.0684886 0.286651
0.0685689 0.28687
0.0686494 0.287088
0.0687299 0.287307
0.0688104 0.287526
0.068891 0.287744
0.0689717 0.287963
0.0690524 0.288182
0.0691332 0.288401
0.0692141 0.28862
0.069295 0.288839
0.069376 0.289058
0.0694571 0.289278
0.0695382 0.289497
0.0696193 0.289716
0.0697006 0.289936
0.0697819 0.290155
0.0698632 0.290375
0.0699446 0.290595
0.0700261 0.290814
0.0701077 0.291034
0.0701893 0.291254
0.0702709 0.291474
0.0703526 0.291694
0.0704344 0.291914
0.0705163 0.292135
0.0705982 0.292355
0.0706802 0.292575
0.0707622 0.292796
0.0708443 0.293016
0.0709264 0.293237
0.0710087 0.293457
0.0710909 0.293678
0.0711733 0.293899
0.0712557 0.29412
0.0713381 0.29434
0.0714207 0.294561
0.0715033 0.294782
0.0715859 0.295004
0.0716686 0.295225
0.0717514 0.295446
0.0718342 0.295667
0.0719171 0.295889
0.0720001 0.29611
0.0720831 0.296332
0.0721662 0.296553
0.0722494 0.296775
0.0723326 0.296997
0.0724158 0.297219
0.0724992 0.297441
0.0725826 0.297663
0.072666 0.297885
0.0727496 0.298107
0.0728331 0.298329
0.0729168 0.298551
0.0730005 0.298774
0.0730843 0.298996
0.0731681 0.299218
0.073252 0.299441
0.0733359 0.299664
0.07342 0.299886
0.073504 0.300109
0.0735882 0.300332
0.0736724 0.300555
0.0737567 0.300778
0.073841 0.301001
0.0739254 0.301224
0.0740098 0.301447
0.0740944 0.30167
0.074179 0.301894
0.0742636 0.302117
0.0743483 0.302341
0.0744331 0.302564
0.0745179 0.302788
0.0746028 0.303011
0.0746878 0.303235
0.0747728 0.303459
0.0748579 0.303683
0.074943 0.303907
0.0750282 0.304131
0.0751135 0.304355
0.0751988 0.304579
0.0752842 0.304803
0.0753697 0.305028
0.0754552 0.305252
0.0755408 0.305476
0.0756264 0.305701
0.0757122 0.305926
0.0757979 0.30615
0.0758838 0.306375
0.0759697 0.3066
0.0760556 0.306825
0.0761417 0.30705
0.0762277 0.307275
0.0763139 0.3075
0.0764001 0.307725
0.0764864 0.30795
0.0765727 0.308175
0.0766591 0.308401
0.0767456 0.308626
0.0768321 0.308852
0.0769187 0.309077
0.0770054 0.309303
0.0770921 0.309529
0.0771789 0.309754
0.0772658 0.30998
0.0773527 0.310206
0.0774396 0.310432
0.0775267 0.310658
0.0776138 0.310884
0.0777009 0.311111
0.0777882 0.311337
0.0778755 0.311563
0.0779628 0.31179
0.0780502 0.312016
0.0781377 0.312243
0.0782253 0.312469
0.0783129 0.312696
0.0784006 0.312923
0.0784883 0.31315
0.0785761 0.313377
0.078664 0.313604
0.0787519 0.313831
0.0788399 0.314058
0.0789279 0.314285
0.079016 0.314512
0.0791042 0.31474
0.0791925 0.314967
0.0792808 0.315194
0.0793692 0.315422
0.0794576 0.31565
0.0795461 0.315877
0.0796347 0.316105
0.0797233 0.316333
0.079812 0.316561
0.0799007 0.316789
0.0799896 0.317017
0.0800784 0.317245
0.0801674 0.317473
0.0802564 0.317701
0.0803455 0.31793
0.0804346 0.318158
0.0805238 0.318386
0.0806131 0.318615
0.0807024 0.318843
0.0807918 0.319072
0.0808813 0.319301
0.0809708 0.31953
0.0810604 0.319758
0.08115 0.319987
0.0812398 0.320216
0.0813295 0.320445
0.0814194 0.320675
0.0815093 0.320904
0.0815993 0.321133
0.0816893 0.321362
0.0817794 0.321592
0.0818696 0.321821
0.0819598 0.322051
0.0820501 0.322281
0.0821405 0.32251
0.0822309 0.32274
0.0823214 0.32297
0.0824119 0.3232
0.0825025 0.32343
0.0825932 0.32366
0.082684 0.32389
0.0827748 0.32412
0.0828657 0.32435
0.0829566 0.324581
0.0830476 0.324811
0.0831387 0.325041
0.0832298 0.325272
0.083321 0.325503
0.0834123 0.325733
0.0835036 0.325964
0.083595 0.326195
0.0836864 0.326426
0.083778 0.326657
0.0838696 0.326888
0.0839612 0.327119
0.0840529 0.32735
0.0841447 0.327581
0.0842365 0.327812
0.0843285 0.328044
0.0844204 0.328275
0.0845125 0.328506
0.0846046 0.328738
0.0846967 0.32897
0.084789 0.329201
0.0848813 0.329433
0.0849736 0.329665
0.0850661 0.329897
0.0851586 0.330129
0.0852511 0.330361
0.0853438 0.330593
0.0854364 0.330825
0.0855292 0.331057
0.085622 0.33129
0.0857149 0.331522
0.0858079 0.331754
0.0859009 0.331987
0.0859939 0.33222
0.0860871 0.332452
0.0861803 0.332685
0.0862736 0.332918
0.0863669 0.333151
0.0864603 0.333383
0.0865538 0.333616
0.0866473 0.33385
0.0867409 0.334083
0.0868346 0.334316
0.0869283 0.334549
0.0870221 0.334782
0.087116 0.335016
0.0872099 0.335249
0.0873039 0.335483
0.087398 0.335716
0.0874921 0.33595
0.0875863 0.336184
0.0876806 0.336418
0.0877749 0.336652
0.0878693 0.336885
0.0879637 0.337119
0.0880582 0.337354
0.0881528 0.337588
0.0882475 0.337822
0.0883422 0.338056
0.088437 0.338291
0.0885318 0.338525
0.0886267 0.338759
0.0887217 0.338994
0.0888168 0.339229
0.0889119 0.339463
0.0890071 0.339698
0.0891023 0.339933
0.0891976 0.340168
0.089293 0.340403
0.0893884 0.340638
0.0894839 0.340873
0.0895795 0.341108
0.0896751 0.341343
0.0897708 0.341579
0.0898666 0.341814
0.0899624 0.342049
0.0900583 0.342285
0.0901543 0.342521
0.0902503 0.342756
0.0903464 0.342992
0.0904426 0.343228
0.0905388 0.343464
0.0906351 0.343699
0.0907315 0.343935
0.0908279 0.344171
0.0909244 0.344408
0.091021 0.344644
0.0911176 0.34488
0.0912143 0.345116
0.0913111 0.345353
0.0914079 0.345589
0.0915048 0.345826
0.0916017 0.346062
0.0916988 0.346299
0.0917959 0.346536
0.091893 0.346772
0.0919903 0.347009
0.0920875 0.347246
0.0921849 0.347483
0.0922823 0.34772
0.0923798 0.347957
0.0924774 0.348195
0.092575 0.348432
0.0926727 0.348669
0.0927704 0.348906
0.0928683 0.349144
0.0929662 0.349381
0.0930641 0.349619
0.0931621 0.349857
0.0932602 0.350094
0.0933584 0.350332
0.0934566 0.35057
0.0935549 0.350808
0.0936533 0.351046
0.0937517 0.351284
0.0938502 0.351522
0.0939487 0.35176
0.0940473 0.351999
0.094146 0.352237
0.0942448 0.352475
0.0943436 0.352714
0.0944425 0.352952
0.0945415 0.353191
0.0946405 0.35343
0.0947396 0.353668
0.0948387 0.353907
0.094938 0.354146
0.0950373 0.354385
0.0951366 0.354624
0.095236 0.354863
0.0953355 0.355102
0.0954351 0.355341
0.0955347 0.355581
0.0956344 0.35582
0.0957342 0.356059
0.095834 0.356299
0.0959339 0.356538
0.0960339 0.356778
0.0961339 0.357018
0.096234 0.357257
0.0963342 0.357497
0.0964344 0.357737
0.0965347 0.357977
0.096635 0.358217
0.0967355 0.358457
0.096836 0.358697
0.0969365 0.358937
0.0970372 0.359177
0.0971379 0.359418
0.0972387 0.359658
0.0973395 0.359899
0.0974404 0.360139
0.0975414 0.36038
0.0976424 0.36062
0.0977435 0.360861
0.0978447 0.361102
0.0979459 0.361343
0.0980472 0.361584
0.0981486 0.361825
0.0982501 0.362066
0.0983516 0.362307
0.0984532 0.362548
0.0985548 0.362789
0.0986565 0.363031
0.0987583 0.363272
0.0988602 0.363513
0.0989621 0.363755
0.0990641 0.363997
0.0991661 0.364238
0.0992682 0.36448
0.0993704 0.364722
0.0994727 0.364964
0.099575 0.365205
0.0996774 0.365447
0.0997799 0.365689
0.0998824 0.365932
0.099985 0.366174
0.100088 0.366416
0.10019 0.366658
0.100293 0.366901
0.100396 0.367143
0.100499 0.367386
0.100602 0.367628
0.100705 0.367871
0.100808 0.368113
0.100911 0.368356
0.101015 0.368599
0.101118 0.368842
0.101221 0.369085
0.101325 0.369328
0.101428 0.369571
0.101532 0.369814
0.101636 0.370057
0.10174 0.370301
0.101843 0.370544
0.101947 0.370787
0.102051 0.371031
0.102155 0.371275
0.102259 0.371518
0.102363 0.371762
0.102468 0.372006
0.102572 0.372249
0.102676 0.372493
0.102781 0.372737
0.102885 0.372981
0.10299 0.373225
0.103094 0.373469
0.103199 0.373714
0.103304 0.373958
0.103409 0.374202
0.103514 0.374447
0.103619 0.374691
0.103724 0.374936
0.103829 0.37518
0.103934 0.375425
0.104039 0.37567
0.104145 0.375914
0.10425 0.376159
0.104356 0.376404
0.104461 0.376649
0.104567 0.376894
0.104672 0.377139
0.104778 0.377384
0.104884 0.37763
0.10499 0.377875
0.105096 0.37812
0.105202 0.378366
0.105308 0.378611
0.105414 0.378857
0.10552 0.379102
0.105626 0.379348
0.105733 0.379594
0.105839 0.37984
0.105946 0.380086
0.106052 0.380332
0.106159 0.380578
0.106266 0.380824
0.106372 0.38107
0.106479 0.381316
0.106586 0.381562
0.106693 0.381809
0.1068 0.382055
0.106907 0.382302
0.107014 0.382548
0.107122 0.382795
0.107229 0.383041
0.107336 0.383288
0.107444 0.383535
0.107551 0.383782
0.107659 0.384029
0.107767 0.384276
0.107874 0.384523
0.107982 0.38477
0.10809 0.385017
0.108198 0.385264
0.108306 0.385511
0.108414 0.385759
0.108522 0.386006
0.108631 0.386254
0.108739 0.386501
0.108847 0.386749
0.108956 0.386997
0.109064 0.387244
0.109173 0.387492
0.109281 0.38774
0.10939 0.387988
0.109499 0.388236
0.109608 0.388484
0.109717 0.388732
0.109826 0.38898
0.109935 0.389229
0.110044 0.389477
0.110153 0.389725
0.110262 0.389974
0.110372 0.390222
0.110481 0.390471
0.11059 0.39072
0.1107 0.390968
0.11081 0.391217
0.110919 0.391466
0.111029 0.391715
0.111139 0.391964
0.111249 0.392213
0.111359 0.392462
0.111469 0.392711
0.111579 0.39296
0.111689 0.39321
0.111799 0.393459
0.11191 0.393708
0.11202 0.393958
0.11213 0.394207
0.112241 0.394457
0.112351 0.394707
0.112462 0.394956
0.112573 0.395206
0.112684 0.395456
0.112795 0.395706
0.112906 0.395956
0.113017 0.396206
0.113128 0.396456
0.113239 0.396706
0.11335 0.396957
0.113461 0.397207
0.113573 0.397457
0.113684 0.397708
0.113796 0.397958
0.113907 0.398209
0.114019 0.398459
0.11413 0.39871
0.114242 0.398961
0.114354 0.399212
0.114466 0.399462
0.114578 0.399713
0.11469 0.399964
0.114802 0.400215
0.114914 0.400467
0.115027 0.400718
0.115139 0.400969
0.115251 0.40122
0.115364 0.401472
0.115477 0.401723
0.115589 0.401975
0.115702 0.402226
0.115815 0.402478
0.115927 0.40273
0.11604 0.402981
0.116153 0.403233
0.116266 0.403485
0.11638 0.403737
0.116493 0.403989
0.116606 0.404241
0.116719 0.404493
0.116833 0.404745
0.116946 0.404998
0.11706 0.40525
0.117173 0.405502
0.117287 0.405755
0.117401 0.406007
0.117515 0.40626
0.117629 0.406512
0.117743 0.406765
0.117857 0.407018
0.117971 0.407271
0.118085 0.407524
0.118199 0.407776
0.118313 0.408029
0.118428 0.408283
0.118542 0.408536
0.118657 0.408789
0.118771 0.409042
0.118886 0.409295
0.119001 0.409549
0.119116 0.409802
0.119231 0.410056
0.119346 0.410309
0.119461 0.410563
0.119576 0.410817
0.119691 0.41107
0.119806 0.411324
0.119921 0.411578
0.120037 0.411832
0.120152 0.412086
0.120268 0.41234
0.120383 0.412594
0.120499 0.412848
0.120615 0.413103
0.120731 0.413357
0.120847 0.413611
0.120963 0.413866
0.121079 0.41412
0.121195 0.414375
0.121311 0.414629
0.121427 0.414884
0.121543 0.415139
0.12166 0.415394
0.121776 0.415649
0.121893 0.415904
0.122009 0.416159
0.122126 0.416414
0.122243 0.416669
0.12236 0.416924
0.122477 0.417179
0.122593 0.417434
0.122711 0.41769
0.122828 0.417945
0.122945 0.418201
0.123062 0.418456
0.123179 0.418712
0.123297 0.418968
0.123414 0.419223
0.123532 0.419479
0.123649 0.419735
0.123767 0.419991
0.123885 0.420247
0.124003 0.420503
0.12412 0.420759
0.124238 0.421015
0.124356 0.421271
0.124475 0.421528
0.124593 0.421784
0.124711 0.42204
0.124829 0.422297
0.124948 0.422553
0.125066 0.42281
0.125185 0.423067
0.125303 0.423323
0.125422 0.42358
0.125541 0.423837
0.12566 0.424094
0.125779 0.424351
0.125898 0.424608
0.126017 0.424865
0.126136 0.425122
0.126255 0.425379
0.126374 0.425637
0.126493 0.425894
0.126613 0.426151
0.126732 0.426409
0.126852 0.426666
0.126971 0.426924
0.127091 0.427181
0.127211 0.427439
0.127331 0.427697
0.127451 0.427955
0.127571 0.428213
0.127691 0.42847
0.127811 0.428728
0.127931 0.428987
0.128051 0.429245
0.128172 0.429503
0.128292 0.429761
0.128413 0.430019
0.128533 0.430278
0.128654 0.430536
0.128774 0.430795
0.128895 0.431053
0.129016 0.431312
0.129137 0.43157
0.129258 0.431829
0.129379 0.432088
0.1295 0.432347
0.129621 0.432606
0.129743 0.432865
0.129864 0.433124
0.129986 0.433383
0.130107 0.433642
0.130229 0.433901
0.13035 0.43416
0.130472 0.43442
0.130594 0.434679
0.130716 0.434939
0.130838 0.435198
0.13096 0.435458
0.131082 0.435717
0.131204 0.435977
0.131326 0.436237
0.131448 0.436497
0.131571 0.436756
0.131693 0.437016
0.131816 0.437276
0.131938 0.437536
0.132061 0.437797
0.132184 0.438057
0.132307 0.438317
0.132429 0.438577
0.132552 0.438838
0.132675 0.439098
0.132798 0.439358
0.132922 0.439619
0.133045 0.43988
0.133168 0.44014
0.133292 0.440401
0.133415 0.440662
0.133539 0.440923
0.133662 0.441183
0.133786 0.441444
0.13391 0.441705
0.134034 0.441967
0.134157 0.442228
0.134281 0.442489
0.134406 0.44275
0.13453 0.443011
0.134654 0.443273
0.134778 0.443534
0.134902 0.443796
0.135027 0.444057
0.135151 0.444319
0.135276 0.444581
0.135401 0.444842
0.135525 0.445104
0.13565 0.445366
0.135775 0.445628
0.1359 0.44589
0.136025 0.446152
0.13615 0.446414
0.136275 0.446676
0.1364 0.446938
0.136526 0.4472
0.136651 0.447463
0.136776 0.447725
0.136902 0.447988
0.137028 0.44825
0.137153 0.448513
0.137279 0.448775
0.137405 0.449038
0.137531 0.449301
0.137657 0.449564
0.137783 0.449826
0.137909 0.450089
0.138035 0.450352
0.138161 0.450615
0.138288 0.450878
0.138414 0.451142
0.138541 0.451405
0.138667 0.451668
0.138794 0.451931
0.13892 0.452195
0.139047 0.452458
0.139174 0.452722
0.139301 0.452985
0.139428 0.453249
0.139555 0.453513
0.139682 0.453776
0.139809 0.45404
0.139937 0.454304
0.140064 0.454568
0.140191 0.454832
0.140319 0.455096
0.140447 0.45536
0.140574 0.455624
0.140702 0.455888
0.14083 0.456153
0.140958 0.456417
0.141086 0.456681
0.141214 0.456946
0.141342 0.45721
0.14147 0.457475
0.141598 0.45774
0.141727 0.458004
0.141855 0.458269
0.141983 0.458534
0.142112 0.458799
0.142241 0.459063
0.142369 0.459328
0.142498 0.459593
0.142627 0.459859
0.142756 0.460124
0.142885 0.460389
0.143014 0.460654
0.143143 0.46092
0.143272 0.461185
0.143402 0.46145
0.143531 0.461716
0.14366 0.461981
0.14379 0.462247
0.14392 0.462513
0.144049 0.462778
0.144179 0.463044
0.144309 0.46331
0.144439 0.463576
0.144569 0.463842
0.144699 0.464108
0.144829 0.464374
0.144959 0.46464
0.145089 0.464906
0.14522 0.465173
0.14535 0.465439
0.14548 0.465705
0.145611 0.465972
0.145742 0.466238
0.145872 0.466505
0.146003 0.466771
0.146134 0.467038
0.146265 0.467305
0.146396 0.467571
0.146527 0.467838
0.146658 0.468105
0.146789 0.468372
0.146921 0.468639
0.147052 0.468906
0.147184 0.469173
0.147315 0.469441
0.147447 0.469708
0.147578 0.469975
0.14771 0.470242
0.147842 0.47051
0.147974 0.470777
0.148106 0.471045
0.148238 0.471312
0.14837 0.47158
0.148502 0.471848
0.148635 0.472115
0.148767 0.472383
0.148899 0.472651
0.149032 0.472919
0.149165 0.473187
0.149297 0.473455
0.14943 0.473723
0.149563 0.473991
0.149696 0.47426
0.149829 0.474528
0.149962 0.474796
0.150095 0.475065
0.150228 0.475333
0.150361 0.475601
0.150495 0.47587
0.150628 0.476139
0.150761 0.476407
0.150895 0.476676
0.151029 0.476945
0.151162 0.477214
0.151296 0.477483
0.15143 0.477751
0.151564 0.478021
0.151698 0.47829
0.151832 0.478559
0.151966 0.478828
0.1521 0.479097
0.152235 0.479366
0.152369 0.479636
0.152504 0.479905
0.152638 0.480175
0.152773 0.480444
0.152907 0.480714
0.153042 0.480983
0.153177 0.481253
0.153312 0.481523
0.153447 0.481793
0.153582 0.482062
0.153717 0.482332
0.153852 0.482602
0.153988 0.482872
0.154123 0.483143
0.154259 0.483413
0.154394 0.483683
0.15453 0.483953
0.154665 0.484223
0.154801 0.484494
0.154937 0.484764
0.155073 0.485035
0.155209 0.485305
0.155345 0.485576
0.155481 0.485846
0.155617 0.486117
0.155754 0.486388
0.15589 0.486659
0.156026 0.48693
0.156163 0.487201
0.156299 0.487472
0.156436 0.487743
0.156573 0.488014
0.15671 0.488285
0.156847 0.488556
0.156984 0.488827
0.157121 0.489099
0.157258 0.48937
0.157395 0.489642
0.157532 0.489913
0.15767 0.490185
0.157807 0.490456
0.157944 0.490728
0.158082 0.491
0.15822 0.491271
0.158357 0.491543
0.158495 0.491815
0.158633 0.492087
0.158771 0.492359
0.158909 0.492631
0.159047 0.492903
0.159185 0.493175
0.159324 0.493448
0.159462 0.49372
0.1596 0.493992
0.159739 0.494265
0.159877 0.494537
0.160016 0.49481
0.160155 0.495082
0.160294 0.495355
0.160433 0.495627
0.160571 0.4959
0.16071 0.496173
0.16085 0.496446
0.160989 0.496719
0.161128 0.496992
0.161267 0.497265
0.161407 0.497538
0.161546 0.497811
0.161686 0.498084
0.161825 0.498357
0.161965 0.49863
0.162105 0.498904
0.162245 0.499177
0.162385 0.499451
0.162525 0.499724
0.162665 0.499998
0.162805 0.500271
0.162945 0.500545
0.163086 0.500819
0.163226 0.501092
0.163367 0.501366
0.163507 0.50164
0.163648 0.501914
0.163788 0.502188
0.163929 0.502462
0.16407 0.502736
0.164211 0.50301
0.164352 0.503285
0.164493 0.503559
0.164634 0.503833
0.164776 0.504107
0.164917 0.504382
0.165058 0.504656
0.1652 0.504931
0.165341 0.505206
0.165483 0.50548
0.165625 0.505755
0.165767 0.50603
0.165908 0.506305
0.16605 0.506579
0.166192 0.506854
0.166334 0.507129
0.166477 0.507404
0.166619 0.507679
0.166761 0.507955
0.166904 0.50823
0.167046 0.508505
0.167189 0.50878
0.167331 0.509056
0.167474 0.509331
0.167617 0.509607
0.16776 0.509882
0.167903 0.510158
0.168046 0.510433
0.168189 0.510709
0.168332 0.510985
0.168475 0.511261
0.168618 0.511536
0.168762 0.511812
0.168905 0.512088
0.169049 0.512364
0.169193 0.51264
0.169336 0.512916
0.16948 0.513193
0.169624 0.513469
0.169768 0.513745
0.169912 0.514022
0.170056 0.514298
0.1702 0.514574
0.170345 0.514851
0.170489 0.515127
0.170633 0.515404
0.170778 0.515681
0.170922 0.515957
0.171067 0.516234
0.171212 0.516511
0.171357 0.516788
0.171501 0.517065
0.171646 0.517342
0.171791 0.517619
0.171937 0.517896
0.172082 0.518173
0.172227 0.51845
0.172372 0.518728
0.172518 0.519005
0.172663 0.519282
0.172809 0.51956
0.172954 0.519837
0.1731 0.520115
0.173246 0.520392
0.173392 0.52067
0.173538 0.520948
0.173684 0.521225
0.17383 0.521503
0.173976 0.521781
0.174123 0.522059
0.174269 0.522337
0.174415 0.522615
0.174562 0.522893
0.174708 0.523171
0.174855 0.523449
0.175002 0.523727
0.175149 0.524006
0.175296 0.524284
0.175443 0.524562
0.17559 0.524841
0.175737 0.525119
0.175884 0.525398
0.176031 0.525676
0.176179 0.525955
0.176326 0.526234
0.176474 0.526513
0.176621 0.526791
0.176769 0.52707
0.176917 0.527349
0.177065 0.527628
0.177212 0.527907
0.17736 0.528186
0.177509 0.528465
0.177657 0.528745
0.177805 0.529024
0.177953 0.529303
0.178102 0.529582
0.17825 0.529862
0.178399 0.530141
0.178547 0.530421
0.178696 0.5307
0.178845 0.53098
0.178994 0.53126
0.179143 0.531539
0.179292 0.531819
0.179441 0.532099
0.17959 0.532379
0.179739 0.532659
0.179888 0.532939
0.180038 0.533219
0.180187 0.533499
0.180337 0.533779
0.180487 0.534059
0.180636 0.534339
0.180786 0.534619
0.180936 0.5349
0.181086 0.53518
0.181236 0.535461
0.181386 0.535741
0.181536 0.536022
0.181687 0.536302
0.181837 0.536583
0.181987 0.536864
0.182138 0.537144
0.182288 0.537425
0.182439 0.537706
0.18259 0.537987
0.182741 0.538268
0.182892 0.538549
0.183043 0.53883
0.183194 0.539111
0.183345 0.539392
0.183496 0.539674
0.183647 0.539955
0.183799 0.540236
0.18395 0.540518
0.184102 0.540799
0.184253 0.541081
0.184405 0.541362
0.184557 0.541644
0.184709 0.541925
0.18486 0.542207
0.185012 0.542489
0.185165 0.542771
0.185317 0.543052
0.185469 0.543334
0.185621 0.543616
0.185774 0.543898
0.185926 0.54418
0.186079 0.544462
0.186231 0.544745
0.186384 0.545027
0.186537 0.545309
0.18669 0.545591
0.186843 0.545874
0.186996 0.546156
0.187149 0.546439
0.187302 0.546721
0.187455 0.547004
0.187609 0.547286
0.187762 0.547569
0.187916 0.547852
0.188069 0.548135
0.188223 0.548417
0.188377 0.5487
0.18853 0.548983
0.188684 0.549266
0.188838 0.549549
0.188992 0.549832
0.189147 0.550115
0.189301 0.550399
0.189455 0.550682
0.189609 0.550965
0.189764 0.551249
0.189918 0.551532
0.190073 0.551815
0.190228 0.552099
0.190383 0.552382
0.190537 0.552666
0.190692 0.55295
0.190847 0.553233
0.191002 0.553517
0.191158 0.553801
0.191313 0.554085
0.191468 0.554369
0.191624 0.554653
0.191779 0.554937
0.191935 0.555221
0.19209 0.555505
0.192246 0.555789
0.192402 0.556073
0.192558 0.556358
0.192714 0.556642
0.19287 0.556926
0.193026 0.557211
0.193182 0.557495
0.193339 0.55778
0.193495 0.558064
0.193651 0.558349
0.193808 0.558633
0.193964 0.558918
0.194121 0.559203
0.194278 0.559488
0.194435 0.559773
0.194592 0.560058
0.194749 0.560343
0.194906 0.560628
0.195063 0.560913
0.19522 0.561198
0.195378 0.561483
0.195535 0.561768
0.195692 0.562053
0.19585 0.562339
0.196008 0.562624
0.196165 0.56291
0.196323 0.563195
0.196481 0.563481
0.196639 0.563766
0.196797 0.564052
0.196955 0.564337
0.197113 0.564623
0.197272 0.564909
0.19743 0.565195
0.197589 0.565481
0.197747 0.565767
0.197906 0.566053
0.198064 0.566339
0.198223 0.566625
0.198382 0.566911
0.198541 0.567197
0.1987 0.567483
0.198859 0.567769
0.199018 0.568056
0.199178 0.568342
0.199337 0.568629
0.199496 0.568915
0.199656 0.569202
0.199815 0.569488
0.199975 0.569775
0.200135 0.570061
0.200295 0.570348
0.200454 0.570635
0.200614 0.570922
0.200774 0.571209
0.200935 0.571496
0.201095 0.571783
0.201255 0.57207
0.201415 0.572357
0.201576 0.572644
0.201736 0.572931
0.201897 0.573218
0.202058 0.573505
0.202219 0.573793
0.202379 0.57408
0.20254 0.574368
0.202701 0.574655
0.202863 0.574943
0.203024 0.57523
0.203185 0.575518
0.203346 0.575805
0.203508 0.576093
0.203669 0.576381
0.203831 0.576669
0.203992 0.576957
0.204154 0.577244
0.204316 0.577532
0.204478 0.57782
0.20464 0.578108
0.204802 0.578397
0.204964 0.578685
0.205126 0.578973
0.205289 0.579261
0.205451 0.57955
0.205614 0.579838
0.205776 0.580126
0.205939 0.580415
0.206101 0.580703
0.206264 0.580992
0.206427 0.58128
0.20659 0.581569
0.206753 0.581858
0.206916 0.582146
0.207079 0.582435
0.207243 0.582724
0.207406 0.583013
0.20757 0.583302
0.207733 0.583591
0.207897 0.58388
0.20806 0.584169
0.208224 0.584458
0.208388 0.584747
0.208552 0.585037
0.208716 0.585326
0.20888 0.585615
0.209044 0.585905
0.209208 0.586194
0.209373 0.586483
0.209537 0.586773
0.209702 0.587063
0.209866 0.587352
0.210031 0.587642
0.210196 0.587932
0.210361 0.588221
0.210525 0.588511
0.21069 0.588801
0.210856 0.589091
0.211021 0.589381
0.211186 0.589671
0.211351 0.589961
0.211517 0.590251
0.211682 0.590541
0.211848 0.590831
0.212013 0.591122
0.212179 0.591412
0.212345 0.591702
0.212511 0.591993
0.212677 0.592283
0.212843 0.592574
0.213009 0.592864
0.213175 0.593155
0.213341 0.593445
0.213508 0.593736
0.213674 0.594027
0.213841 0.594317
0.214007 0.594608
0.214174 0.594899
0.214341 0.59519
0.214508 0.595481
0.214675 0.595772
0.214842 0.596063
0.215009 0.596354
0.215176 0.596645
0.215343 0.596937
0.21551 0.597228
0.215678 0.597519
0.215845 0.59781
0.216013 0.598102
0.216181 0.598393
0.216348 0.598685
0.216516 0.598976
0.216684 0.599268
0.216852 0.599559
0.21702 0.599851
0.217188 0.600143
0.217357 0.600435
0.217525 0.600726
0.217693 0.601018
0.217862 0.60131
0.21803 0.601602
0.218199 0.601894
0.218368 0.602186
0.218537 0.602478
0.218706 0.602771
0.218875 0.603063
0.219044 0.603355
0.219213 0.603647
0.219382 0.60394
0.219551 0.604232
0.219721 0.604524
0.21989 0.604817
0.22006 0.605109
0.220229 0.605402
0.220399 0.605695
0.220569 0.605987
0.220739 0.60628
0.220909 0.606573
0.221079 0.606866
0.221249 0.607158
0.221419 0.607451
0.221589 0.607744
0.22176 0.608037
0.22193 0.60833
0.222101 0.608623
0.222271 0.608917
0.222442 0.60921
0.222613 0.609503
0.222784 0.609796
0.222955 0.61009
0.223126 0.610383
0.223297 0.610676
0.223468 0.61097
0.223639 0.611263
0.223811 0.611557
0.223982 0.61185
0.224154 0.612144
0.224325 0.612438
0.224497 0.612731
0.224669 0.613025
0.224841 0.613319
0.225013 0.613613
0.225185 0.613907
0.225357 0.614201
0.225529 0.614495
0.225701 0.614789
0.225874 0.615083
0.226046 0.615377
0.226218 0.615671
0.226391 0.615966
0.226564 0.61626
0.226737 0.616554
0.226909 0.616849
0.227082 0.617143
0.227255 0.617438
0.227428 0.617732
0.227602 0.618027
0.227775 0.618321
0.227948 0.618616
0.228122 0.618911
0.228295 0.619205
0.228469 0.6195
0.228642 0.619795
0.228816 0.62009
0.22899 0.620385
0.229164 0.62068
0.229338 0.620975
0.229512 0.62127
0.229686 0.621565
0.22986 0.62186
0.230035 0.622155
0.230209 0.622451
0.230384 0.622746
0.230558 0.623041
0.230733 0.623337
0.230908 0.623632
0.231082 0.623928
0.231257 0.624223
0.231432 0.624519
0.231607 0.624814
0.231783 0.62511
0.231958 0.625406
0.232133 0.625702
0.232309 0.625997
0.232484 0.626293
0.23266 0.626589
0.232835 0.626885
0.233011 0.627181
0.233187 0.627477
0.233363 0.627773
0.233539 0.628069
0.233715 0.628365
0.233891 0.628662
0.234067 0.628958
0.234244 0.629254
0.23442 0.629551
0.234596 0.629847
0.234773 0.630143
0.23495 0.63044
0.235126 0.630736
0.235303 0.631033
0.23548 0.63133
0.235657 0.631626
0.235834 0.631923
0.236011 0.63222
0.236189 0.632516
0.236366 0.632813
0.236543 0.63311
0.236721 0.633407
0.236898 0.633704
0.237076 0.634001
0.237254 0.634298
0.237432 0.634595
0.23761 0.634892
0.237788 0.63519
0.237966 0.635487
0.238144 0.635784
0.238322 0.636081
0.2385 0.636379
0.238679 0.636676
0.238857 0.636974
0.239036 0.637271
0.239214 0.637569
0.239393 0.637866
0.239572 0.638164
0.239751 0.638462
0.23993 0.638759
0.240109 0.639057
0.240288 0.639355
0.240467 0.639653
0.240647 0.639951
0.240826 0.640249
0.241006 0.640547
0.241185 0.640845
0.241365 0.641143
0.241544 0.641441
0.241724 0.641739
0.241904 0.642037
0.242084 0.642336
0.242264 0.642634
0.242444 0.642932
0.242625 0.643231
0.242805 0.643529
0.242985 0.643828
0.243166 0.644126
0.243346 0.644425
0.243527 0.644723
0.243708 0.645022
0.243889 0.645321
0.24407 0.645619
0.244251 0.645918
0.244432 0.646217
0.244613 0.646516
0.244794 0.646815
0.244975 0.647114
0.245157 0.647413
0.245338 0.647712
0.24552 0.648011
0.245702 0.64831
0.245883 0.648609
0.246065 0.648908
0.246247 0.649208
0.246429 0.649507
0.246611 0.649806
0.246793 0.650106
0.246976 0.650405
0.247158 0.650705
0.24734 0.651004
0.247523 0.651304
0.247705 0.651603
0.247888 0.651903
0.248071 0.652203
0.248254 0.652502
0.248437 0.652802
0.24862 0.653102
0.248803 0.653402
0.248986 0.653702
0.249169 0.654002
0.249352 0.654302
0.249536 0.654602
0.249719 0.654902
0.249903 0.655202
0.250087 0.655502
0.25027 0.655802
0.250454 0.656103
0.250638 0.656403
0.250822 0.656703
0.251006 0.657004
0.251191 0.657304
0.251375 0.657605
0.251559 0.657905
0.251744 0.658206
0.251928 0.658506
0.252113 0.658807
0.252297 0.659108
0.252482 0.659408
0.252667 0.659709
0.252852 0.66001
0.253037 0.660311
0.253222 0.660612
0.253407 0.660913
0.253593 0.661214
0.253778 0.661515
0.253963 0.661816
0.254149 0.662117
0.254335 0.662418
0.25452 0.662719
0.254706 0.663021
0.254892 0.663322
0.255078 0.663623
0.255264 0.663924
0.25545 0.664226
0.255636 0.664527
0.255823 0.664829
0.256009 0.66513
0.256195 0.665432
0.256382 0.665734
0.256569 0.666035
0.256755 0.666337
0.256942 0.666639
0.257129 0.666941
0.257316 0.667242
0.257503 0.667544
0.25769 0.667846
0.257877 0.668148
0.258065 0.66845
0.258252 0.668752
0.25844 0.669054
0.258627 0.669356
0.258815 0.669659
0.259002 0.669961
0.25919 0.670263
0.259378 0.670565
0.259566 0.670868
0.259754 0.67117
0.259942 0.671472
0.260131 0.671775
0.260319 0.672077
0.260507 0.67238
0.260696 0.672683
0.260884 0.672985
0.261073 0.673288
0.261262 0.673591
0.261451 0.673893
0.26164 0.674196
0.261829 0.674499
0.262018 0.674802
0.262207 0.675105
0.262396 0.675408
0.262585 0.675711
0.262775 0.676014
0.262964 0.676317
0.263154 0.67662
0.263344 0.676923
0.263533 0.677226
0.263723 0.67753
0.263913 0.677833
0.264103 0.678136
0.264293 0.67844
0.264484 0.678743
0.264674 0.679046
0.264864 0.67935
0.265055 0.679653
0.265245 0.679957
0.265436 0.680261
0.265627 0.680564
0.265817 0.680868
0.266008 0.681172
0.266199 0.681476
0.26639 0.681779
0.266581 0.682083
0.266773 0.682387
0.266964 0.682691
0.267155 0.682995
0.267347 0.683299
0.267538 0.683603
0.26773 0.683907
0.267922 0.684211
0.268113 0.684516
0.268305 0.68482
0.268497 0.685124
0.268689 0.685428
0.268881 0.685733
0.269074 0.686037
0.269266 0.686342
0.269458 0.686646
0.269651 0.686951
0.269844 0.687255
0.270036 0.68756
0.270229 0.687864
0.270422 0.688169
0.270615 0.688474
0.270808 0.688779
0.271001 0.689083
0.271194 0.689388
0.271387 0.689693
0.271581 0.689998
0.271774 0.690303
0.271968 0.690608
0.272161 0.690913
0.272355 0.691218
0.272549 0.691523
0.272742 0.691828
0.272936 0.692134
0.27313 0.692439
0.273325 0.692744
0.273519 0.69305
0.273713 0.693355
0.273907 0.69366
0.274102 0.693966
0.274296 0.694271
0.274491 0.694577
0.274686 0.694882
0.274881 0.695188
0.275075 0.695494
0.27527 0.695799
0.275465 0.696105
0.275661 0.696411
0.275856 0.696717
0.276051 0.697022
0.276247 0.697328
0.276442 0.697634
0.276638 0.69794
0.276833 0.698246
0.277029 0.698552
0.277225 0.698858
0.277421 0.699164
0.277617 0.699471
0.277813 0.699777
0.278009 0.700083
0.278205 0.700389
0.278402 0.700696
0.278598 0.701002
0.278795 0.701308
0.278991 0.701615
0.279188 0.701921
0.279385 0.702228
0.279582 0.702534
0.279778 0.702841
0.279976 0.703148
0.280173 0.703454
0.28037 0.703761
0.280567 0.704068
0.280764 0.704374
0.280962 0.704681
0.28116 0.704988
0.281357 0.705295
0.281555 0.705602
0.281753 0.705909
0.281951 0.706216
0.282149 0.706523
0.282347 0.70683
0.282545 0.707137
0.282743 0.707445
0.282941 0.707752
0.28314 0.708059
0.283338 0.708366
0.283537 0.708674
0.283735 0.708981
0.283934 0.709288
0.284133 0.709596
0.284332 0.709903
0.284531 0.710211
0.28473 0.710518
0.284929 0.710826
0.285129 0.711134
0.285328 0.711441
0.285527 0.711749
0.285727 0.712057
0.285926 0.712365
0.286126 0.712673
0.286326 0.71298
0.286526 0.713288
0.286726 0.713596
0.286926 0.713904
0.287126 0.714212
0.287326 0.71452
0.287527 0.714828
0.287727 0.715137
0.287927 0.715445
0.288128 0.715753
0.288329 0.716061
0.288529 0.71637
0.28873 0.716678
0.288931 0.716986
0.289132 0.717295
0.289333 0.717603
0.289534 0.717912
0.289736 0.71822
0.289937 0.718529
0.290138 0.718837
0.29034 0.719146
0.290541 0.719455
0.290743 0.719763
0.290945 0.720072
0.291147 0.720381
0.291349 0.72069
0.291551 0.720999
0.291753 0.721308
0.291955 0.721616
0.292157 0.721925
0.29236 0.722234
0.292562 0.722544
0.292765 0.722853
0.292967 0.723162
0.29317 0.723471
0.293373 0.72378
0.293576 0.724089
0.293779 0.724399
0.293982 0.724708
0.294185 0.725017
0.294388 0.725327
0.294592 0.725636
0.294795 0.725946
0.294999 0.726255
0.295202 0.726565
0.295406 0.726874
0.29561 0.727184
0.295814 0.727494
0.296017 0.727803
0.296222 0.728113
0.296426 0.728423
0.29663 0.728733
0.296834 0.729042
0.297038 0.729352
0.297243 0.729662
0.297448 0.729972
0.297652 0.730282
0.297857 0.730592
0.298062 0.730902
0.298267 0.731212
0.298472 0.731523
0.298677 0.731833
0.298882 0.732143
0.299087 0.732453
0.299292 0.732763
0.299498 0.733074
0.299703 0.733384
0.299909 0.733695
0.300115 0.734005
0.30032 0.734315
0.300526 0.734626
0.300732 0.734937
0.300938 0.735247
0.301144 0.735558
0.30135 0.735868
0.301557 0.736179
0.301763 0.73649
0.30197 0.736801
0.302176 0.737111
0.302383 0.737422
0.30259 0.737733
0.302796 0.738044
0.303003 0.738355
0.30321 0.738666
0.303417 0.738977
0.303624 0.739288
0.303832 0.739599
0.304039 0.73991
0.304246 0.740221
0.304454 0.740533
0.304662 0.740844
0.304869 0.741155
0.305077 0.741467
0.305285 0.741778
0.305493 0.742089
0.305701 0.742401
0.305909 0.742712
0.306117 0.743024
0.306325 0.743335
0.306534 0.743647
0.306742 0.743958
0.306951 0.74427
0.30716 0.744582
0.307368 0.744893
0.307577 0.745205
0.307786 0.745517
0.307995 0.745829
0.308204 0.746141
0.308413 0.746452
0.308623 0.746764
0.308832 0.747076
0.309041 0.747388
0.309251 0.7477
0.30946 0.748012
0.30967 0.748325
0.30988 0.748637
0.31009 0.748949
0.3103 0.749261
0.31051 0.749573
0.31072 0.749886
0.31093 0.750198
0.31114 0.75051
0.311351 0.750823
0.311561 0.751135
0.311772 0.751448
0.311983 0.75176
0.312193 0.752073
0.312404 0.752385
0.312615 0.752698
0.312826 0.75301
0.313037 0.753323
0.313248 0.753636
0.31346 0.753949
0.313671 0.754261
0.313882 0.754574
0.314094 0.754887
0.314306 0.7552
0.314517 0.755513
0.314729 0.755826
0.314941 0.756139
0.315153 0.756452
0.315365 0.756765
0.315577 0.757078
0.315789 0.757391
0.316002 0.757704
0.316214 0.758018
0.316427 0.758331
0.316639 0.758644
0.316852 0.758957
0.317065 0.759271
0.317277 0.759584
0.31749 0.759897
0.317703 0.760211
0.317916 0.760524
0.31813 0.760838
0.318343 0.761151
0.318556 0.761465
0.31877 0.761779
0.318983 0.762092
0.319197 0.762406
0.319411 0.76272
0.319625 0.763033
0.319838 0.763347
0.320052 0.763661
0.320267 0.763975
0.320481 0.764289
0.320695 0.764603
0.320909 0.764917
0.321124 0.765231
0.321338 0.765545
0.321553 0.765859
0.321768 0.766173
0.321982 0.766487
0.322197 0.766801
0.322412 0.767115
0.322627 0.76743
0.322842 0.767744
0.323058 0.768058
0.323273 0.768373
0.323488 0.768687
0.323704 0.769001
0.323919 0.769316
0.324135 0.76963
0.324351 0.769945
0.324567 0.770259
0.324783 0.770574
0.324999 0.770889
0.325215 0.771203
0.325431 0.771518
0.325647 0.771833
0.325864 0.772147
0.32608 0.772462
0.326297 0.772777
0.326513 0.773092
0.32673 0.773407
0.326947 0.773722
0.327164 0.774037
0.327381 0.774352
0.327598 0.774667
0.327815 0.774982
0.328032 0.775297
0.328249 0.775612
0.328467 0.775927
0.328684 0.776242
0.328902 0.776557
0.32912 0.776873
0.329337 0.777188
0.329555 0.777503
0.329773 0.777819
0.329991 0.778134
0.330209 0.778449
0.330428 0.778765
0.330646 0.77908
0.330864 0.779396
0.331083 0.779712
0.331301 0.780027
0.33152 0.780343
0.331739 0.780658
0.331958 0.780974
0.332177 0.78129
0.332396 0.781606
0.332615 0.781921
0.332834 0.782237
0.333053 0.782553
0.333273 0.782869
0.333492 0.783185
0.333712 0.783501
0.333931 0.783817
0.334151 0.784133
0.334371 0.784449
0.334591 0.784765
0.334811 0.785081
0.335031 0.785397
0.335251 0.785713
0.335471 0.78603
0.335692 0.786346
0.335912 0.786662
0.336133 0.786978
0.336353 0.787295
0.336574 0.787611
0.336795 0.787928
0.337016 0.788244
0.337237 0.78856
0.337458 0.788877
0.337679 0.789194
0.3379 0.78951
0.338121 0.789827
0.338343 0.790143
0.338564 0.79046
0.338786 0.790777
0.339007 0.791093
0.339229 0.79141
0.339451 0.791727
0.339673 0.792044
0.339895 0.792361
0.340117 0.792678
0.340339 0.792995
0.340562 0.793311
0.340784 0.793628
0.341007 0.793946
0.341229 0.794263
0.341452 0.79458
0.341675 0.794897
0.341897 0.795214
0.34212 0.795531
0.342343 0.795848
0.342566 0.796166
0.34279 0.796483
0.343013 0.7968
0.343236 0.797118
0.34346 0.797435
0.343683 0.797752
0.343907 0.79807
0.344131 0.798387
0.344354 0.798705
0.344578 0.799022
0.344802 0.79934
0.345026 0.799657
0.345251 0.799975
0.345475 0.800293
0.345699 0.80061
0.345924 0.800928
0.346148 0.801246
0.346373 0.801564
0.346597 0.801882
0.346822 0.802199
0.347047 0.802517
0.347272 0.802835
0.347497 0.803153
0.347722 0.803471
0.347948 0.803789
0.348173 0.804107
0.348398 0.804425
0.348624 0.804743
0.348849 0.805062
0.349075 0.80538
0.349301 0.805698
0.349527 0.806016
0.349753 0.806334
0.349979 0.806653
0.350205 0.806971
0.350431 0.807289
0.350657 0.807608
0.350884 0.807926
0.35111 0.808245
0.351337 0.808563
0.351564 0.808882
0.35179 0.8092
0.352017 0.809519
0.352244 0.809837
0.352471 0.810156
0.352698 0.810475
0.352925 0.810793
0.353153 0.811112
0.35338 0.811431
0.353608 0.81175
0.353835 0.812068
0.354063 0.812387
0.35429 0.812706
0.354518 0.813025
0.354746 0.813344
0.354974 0.813663
0.355202 0.813982
0.355431 0.814301
0.355659 0.81462
0.355887 0.814939
0.356116 0.815258
0.356344 0.815577
0.356573 0.815897
0.356801 0.816216
0.35703 0.816535
0.357259 0.816854
0.357488 0.817174
0.357717 0.817493
0.357946 0.817812
0.358176 0.818132
0.358405 0.818451
0.358634 0.818771
0.358864 0.81909
0.359094 0.81941
0.359323 0.819729
0.359553 0.820049
0.359783 0.820368
0.360013 0.820688
0.360243 0.821008
0.360473 0.821327
0.360703 0.821647
0.360934 0.821967
0.361164 0.822287
0.361395 0.822606
0.361625 0.822926
0.361856 0.823246
0.362087 0.823566
0.362318 0.823886
0.362549 0.824206
0.36278 0.824526
0.363011 0.824846
0.363242 0.825166
0.363473 0.825486
0.363705 0.825806
0.363936 0.826126
0.364168 0.826447
0.3644 0.826767
0.364631 0.827087
0.364863 0.827407
0.365095 0.827728
0.365327 0.828048
0.365559 0.828368
0.365791 0.828689
0.366024 0.829009
0.366256 0.829329
0.366489 0.82965
0.366721 0.82997
0.366954 0.830291
0.367187 0.830611
0.36742 0.830932
0.367652 0.831253
0.367885 0.831573
0.368119 0.831894
0.368352 0.832215
0.368585 0.832535
0.368818 0.832856
0.369052 0.833177
0.369285 0.833498
0.369519 0.833819
0.369753 0.834139
0.369987 0.83446
0.370221 0.834781
0.370455 0.835102
0.370689 0.835423
0.370923 0.835744
0.371157 0.836065
0.371392 0.836386
0.371626 0.836708
0.371861 0.837029
0.372095 0.83735
0.37233 0.837671
0.372565 0.837992
0.3728 0.838314
0.373035 0.838635
0.37327 0.838956
0.373505 0.839277
0.37374 0.839599
0.373976 0.83992
0.374211 0.840242
0.374447 0.840563
0.374682 0.840885
0.374918 0.841206
0.375154 0.841528
0.37539 0.841849
0.375626 0.842171
0.375862 0.842492
0.376098 0.842814
0.376334 0.843136
0.376571 0.843457
0.376807 0.843779
0.377044 0.844101
0.37728 0.844423
0.377517 0.844745
0.377754 0.845066
0.377991 0.845388
0.378228 0.84571
0.378465 0.846032
0.378702 0.846354
0.378939 0.846676
0.379177 0.846998
0.379414 0.84732
0.379651 0.847642
0.379889 0.847964
0.380127 0.848286
0.380365 0.848609
0.380602 0.848931
0.38084 0.849253
0.381079 0.849575
0.381317 0.849897
0.381555 0.85022
0.381793 0.850542
0.382032 0.850864
0.38227 0.851187
0.382509 0.851509
0.382748 0.851832
0.382986 0.852154
0.383225 0.852477
0.383464 0.852799
0.383703 0.853122
0.383942 0.853444
0.384182 0.853767
0.384421 0.854089
0.38466 0.854412
0.3849 0.854735
0.38514 0.855057
0.385379 0.85538
0.385619 0.855703
0.385859 0.856026
0.386099 0.856349
0.386339 0.856671
0.386579 0.856994
0.386819 0.857317
0.38706 0.85764
0.3873 0.857963
0.387541 0.858286
0.387781 0.858609
0.388022 0.858932
0.388263 0.859255
0.388504 0.859578
0.388745 0.859901
0.388986 0.860224
0.389227 0.860548
0.389468 0.860871
0.389709 0.861194
0.389951 0.861517
0.390192 0.861841
0.390434 0.862164
0.390675 0.862487
0.390917 0.86281
0.391159 0.863134
0.391401 0.863457
0.391643 0.863781
0.391885 0.864104
0.392128 0.864428
0.39237 0.864751
0.392612 0.865075
0.392855 0.865398
0.393097 0.865722
0.39334 0.866046
0.393583 0.866369
0.393826 0.866693
0.394069 0.867017
0.394312 0.86734
0.394555 0.867664
0.394798 0.867988
0.395041 0.868312
0.395285 0.868635
0.395528 0.868959
0.395772 0.869283
0.396016 0.869607
0.396259 0.869931
0.396503 0.870255
0.396747 0.870579
0.396991 0.870903
0.397235 0.871227
0.39748 0.871551
0.397724 0.871875
0.397968 0.872199
0.398213 0.872523
0.398457 0.872848
0.398702 0.873172
0.398947 0.873496
0.399192 0.87382
0.399437 0.874145
0.399682 0.874469
0.399927 0.874793
0.400172 0.875118
0.400417 0.875442
0.400663 0.875766
0.400908 0.876091
0.401154 0.876415
0.4014 0.87674
0.401645 0.877064
0.401891 0.877389
0.402137 0.877713
0.402383 0.878038
0.402629 0.878362
0.402876 0.878687
0.403122 0.879012
0.403368 0.879336
0.403615 0.879661
0.403861 0.879986
0.404108 0.880311
0.404355 0.880635
0.404602 0.88096
0.404849 0.881285
0.405096 0.88161
0.405343 0.881935
0.40559 0.88226
0.405837 0.882585
0.406085 0.88291
0.406332 0.883235
0.40658 0.88356
0.406828 0.883885
0.407075 0.88421
0.407323 0.884535
0.407571 0.88486
0.407819 0.885185
0.408067 0.88551
0.408316 0.885835
0.408564 0.886161
0.408812 0.886486
0.409061 0.886811
0.40931 0.887136
0.409558 0.887462
0.409807 0.887787
0.410056 0.888112
0.410305 0.888438
0.410554 0.888763
0.410803 0.889089
0.411052 0.889414
0.411302 0.88974
0.411551 0.890065
0.411801 0.890391
0.41205 0.890716
0.4123 0.891042
0.41255 0.891367
0.412799 0.891693
0.413049 0.892019
0.4133 0.892344
0.41355 0.89267
0.4138 0.892996
0.41405 0.893322
0.414301 0.893647
0.414551 0.893973
0.414802 0.894299
0.415052 0.894625
0.415303 0.894951
0.415554 0.895277
0.415805 0.895603
0.416056 0.895928
0.416307 0.896254
0.416559 0.89658
0.41681 0.896906
0.417061 0.897233
0.417313 0.897559
0.417564 0.897885
0.417816 0.898211
0.418068 0.898537
0.41832 0.898863
0.418572 0.899189
0.418824 0.899515
0.419076 0.899842
0.419328 0.900168
0.419581 0.900494
0.419833 0.900821
0.420086 0.901147
0.420338 0.901473
0.420591 0.9018
0.420844 0.902126
0.421097 0.902452
0.42135 0.902779
0.421603 0.903105
0.421856 0.903432
0.422109 0.903758
0.422362 0.904085
0.422616 0.904412
0.422869 0.904738
0.423123 0.905065
0.423377 0.905391
0.423631 0.905718
0.423884 0.906045
0.424138 0.906371
0.424392 0.906698
0.424647 0.907025
0.424901 0.907352
0.425155 0.907678
0.42541 0.908005
0.425664 0.908332
0.425919 0.908659
0.426174 0.908986
0.426428 0.909313
0.426683 0.90964
0.426938 0.909967
0.427193 0.910294
0.427449 0.910621
0.427704 0.910948
0.427959 0.911275
0.428215 0.911602
0.42847 0.911929
0.428726 0.912256
0.428982 0.912583
0.429237 0.91291
0.429493 0.913238
0.429749 0.913565
0.430005 0.913892
0.430262 0.914219
0.430518 0.914547
0.430774 0.914874
0.431031 0.915201
0.431287 0.915529
0.431544 0.915856
0.431801 0.916183
0.432058 0.916511
0.432314 0.916838
0.432571 0.917166
0.432829 0.917493
0.433086 0.917821
0.433343 0.918148
0.4336 0.918476
0.433858 0.918803
0.434115 0.919131
0.434373 0.919458
0.434631 0.919786
0.434889 0.920114
0.435147 0.920441
0.435405 0.920769
0.435663 0.921097
0.435921 0.921425
0.436179 0.921752
0.436438 0.92208
0.436696 0.922408
0.436955 0.922736
0.437213 0.923064
0.437472 0.923392
0.437731 0.92372
0.43799 0.924047
0.438249 0.924375
0.438508 0.924703
0.438767 0.925031
0.439027 0.925359
0.439286 0.925687
0.439546 0.926015
0.439805 0.926344
0.440065 0.926672
0.440325 0.927
0.440584 0.927328
0.440844 0.927656
0.441104 0.927984
0.441365 0.928312
0.441625 0.928641
0.441885 0.928969
0.442146 0.929297
0.442406 0.929626
0.442667 0.929954
0.442927 0.930282
0.443188 0.930611
0.443449 0.930939
0.44371 0.931267
0.443971 0.931596
0.444232 0.931924
0.444493 0.932253
0.444755 0.932581
0.445016 0.93291
0.445278 0.933238
0.445539 0.933567
0.445801 0.933895
0.446063 0.934224
0.446325 0.934553
0.446587 0.934881
0.446849 0.93521
0.447111 0.935539
0.447373 0.935867
0.447635 0.936196
0.447898 0.936525
0.44816 0.936853
0.448423 0.937182
0.448686 0.937511
0.448949 0.93784
0.449211 0.938169
0.449474 0.938498
0.449738 0.938826
0.450001 0.939155
0.450264 0.939484
0.450527 0.939813
0.450791 0.940142
0.451054 0.940471
0.451318 0.9408
0.451582 0.941129
0.451846 0.941458
0.452109 0.941787
0.452373 0.942116
0.452638 0.942446
0.452902 0.942775
0.453166 0.943104
0.45343 0.943433
0.453695 0.943762
0.453959 0.944091
0.454224 0.944421
0.454489 0.94475
0.454754 0.945079
0.455019 0.945409
0.455284 0.945738
0.455549 0.946067
0.455814 0.946397
0.456079 0.946726
0.456345 0.947055
0.45661 0.947385
0.456876 0.947714
0.457141 0.948044
0.457407 0.948373
0.457673 0.948703
0.457939 0.949032
0.458205 0.949362
0.458471 0.949691
0.458737 0.950021
0.459004 0.95035
0.45927 0.95068
0.459537 0.95101
0.459803 0.951339
0.46007 0.951669
0.460337 0.951999
0.460603 0.952328
0.46087 0.952658
0.461137 0.952988
0.461405 0.953318
0.461672 0.953647
0.461939 0.953977
0.462207 0.954307
0.462474 0.954637
0.462742 0.954967
0.463009 0.955297
0.463277 0.955627
0.463545 0.955957
0.463813 0.956286
0.464081 0.956616
0.464349 0.956946
0.464618 0.957276
0.464886 0.957606
0.465154 0.957937
0.465423 0.958267
0.465692 0.958597
0.46596 0.958927
0.466229 0.959257
0.466498 0.959587
0.466767 0.959917
0.467036 0.960247
0.467305 0.960578
0.467574 0.960908
0.467844 0.961238
0.468113 0.961568
0.468383 0.961899
0.468652 0.962229
0.468922 0.962559
0.469192 0.96289
0.469462 0.96322
0.469732 0.96355
0.470002 0.963881
0.470272 0.964211
0.470543 0.964541
0.470813 0.964872
0.471083 0.965202
0.471354 0.965533
0.471625 0.965863
0.471895 0.966194
0.472166 0.966524
0.472437 0.966855
0.472708 0.967186
0.472979 0.967516
0.473251 0.967847
0.473522 0.968177
0.473793 0.968508
0.474065 0.968839
0.474336 0.969169
0.474608 0.9695
0.47488 0.969831
0.475152 0.970162
0.475424 0.970492
0.475696 0.970823
0.475968 0.971154
0.47624 0.971485
0.476512 0.971816
0.476785 0.972146
0.477057 0.972477
0.47733 0.972808
0.477603 0.973139
0.477875 0.97347
0.478148 0.973801
0.478421 0.974132
0.478694 0.974463
0.478968 0.974794
0.479241 0.975125
0.479514 0.975456
0.479788 0.975787
0.480061 0.976118
0.480335 0.976449
0.480609 0.97678
0.480882 0.977111
0.481156 0.977442
0.48143 0.977774
0.481704 0.978105
0.481979 0.978436
0.482253 0.978767
0.482527 0.979098
0.482802 0.97943
0.483076 0.979761
0.483351 0.980092
0.483626 0.980423
0.4839 0.980755
0.484175 0.981086
0.48445 0.981417
0.484725 0.981749
0.485001 0.98208
0.485276 0.982412
0.485551 0.982743
0.485827 0.983074
0.486102 0.983406
0.486378 0.983737
0.486654 0.984069
0.48693 0.9844
0.487206 0.984732
0.487482 0.985063
0.487758 0.985395
0.488034 0.985727
0.48831 0.986058
0.488587 0.98639
0.488863 0.986721
0.48914 0.987053
0.489417 0.987385
0.489693 0.987716
0.48997 0.988048
0.490247 0.98838
0.490524 0.988711
0.490801 0.989043
0.491079 0.989375
0.491356 0.989707
0.491634 0.990039
0.491911 0.99037
0.492189 0.990702
0.492466 0.991034
0.492744 0.991366
0.493022 0.991698
0.4933 0.99203
0.493578 0.992362
0.493856 0.992693
0.494135 0.993025
0.494413 0.993357
0.494691 0.993689
0.49497 0.994021
0.495249 0.994353
0.495527 0.994685
0.495806 0.995017
0.496085 0.995349
0.496364 0.995682
0.496643 0.996014
0.496923 0.996346
0.497202 0.996678
0.497481 0.99701
0.497761 0.997342
0.49804 0.997674
0.49832 0.998007
0.4986 0.998339
0.49888 0.998671
0.49916 0.999003
0.49944 0.999335
0.49972 0.999668
0.5 1
