0 0
1.07193e-11 6.66623e-08
8.57548e-11 2.66649e-07
2.89422e-10 5.99961e-07
6.86038e-10 1.0666e-06
1.33992e-09 1.66656e-06
2.31538e-09 2.39984e-06
3.67673e-09 3.26645e-06
5.4883e-09 4.26638e-06
7.8144e-09 5.39964e-06
1.07193e-08 6.66622e-06
1.42674e-08 8.06612e-06
1.8523e-08 9.59934e-06
2.35504e-08 1.12659e-05
2.94138e-08 1.30658e-05
3.61777e-08 1.4999e-05
4.39063e-08 1.70655e-05
5.2664e-08 1.92653e-05
6.2515e-08 2.15984e-05
7.35237e-08 2.40649e-05
8.57544e-08 2.66647e-05
9.92714e-08 2.93978e-05
1.14139e-07 3.22642e-05
1.30421e-07 3.5264e-05
1.48183e-07 3.83971e-05
1.67489e-07 4.16634e-05
1.88402e-07 4.50631e-05
2.10987e-07 4.85961e-05
2.35309e-07 5.22624e-05
2.61432e-07 5.60621e-05
2.89419e-07 5.9995e-05
3.19336e-07 6.40613e-05
3.51247e-07 6.82608e-05
3.85216e-07 7.25937e-05
4.21308e-07 7.70599e-05
4.59585e-07 8.16594e-05
5.00114e-07 8.63922e-05
5.42958e-07 9.12583e-05
5.88182e-07 9.62577e-05
6.3585e-07 0.00010139
6.86025e-07 0.000106656
7.38774e-07 0.000112056
7.94159e-07 0.000117588
8.52245e-07 0.000123254
9.13096e-07 0.000129053
9.76777e-07 0.000134986
1.04335e-06 0.000141052
1.11289e-06 0.000147251
1.18544e-06 0.000153583
1.26109e-06 0.000160049
1.33988e-06 0.000166648
1.42189e-06 0.00017338
1.50718e-06 0.000180245
1.59581e-06 0.000187244
1.68785e-06 0.000194376
1.78337e-06 0.000201642
1.88242e-06 0.00020904
1.98507e-06 0.000216572
2.09139e-06 0.000224237
2.20144e-06 0.000232036
2.31528e-06 0.000239968
2.43298e-06 0.000248033
2.55461e-06 0.000256231
2.68022e-06 0.000264562
2.80988e-06 0.000273027
2.94366e-06 0.000281625
3.08161e-06 0.000290356
3.22381e-06 0.000299221
3.37032e-06 0.000308219
3.52121e-06 0.00031735
3.67653e-06 0.000326614
3.83635e-06 0.000336012
4.00073e-06 0.000345543
4.16975e-06 0.000355207
4.34346e-06 0.000365004
4.52193e-06 0.000374935
4.70522e-06 0.000384998
4.8934e-06 0.000395195
5.08653e-06 0.000405526
5.28467e-06 0.000415989
5.4879e-06 0.000426586
5.69627e-06 0.000437316
5.90984e-06 0.000448179
6.12869e-06 0.000459175
6.35288e-06 0.000470305
6.58246e-06 0.000481568
6.81752e-06 0.000492964
7.0581e-06 0.000504493
7.30428e-06 0.000516155
7.55611e-06 0.000527951
7.81367e-06 0.00053988
8.07701e-06 0.000551942
8.3462e-06 0.000564137
8.62131e-06 0.000576466
8.9024e-06 0.000588927
9.18953e-06 0.000601522
9.48277e-06 0.00061425
9.78219e-06 0.000627111
1.00878e-05 0.000640105
1.03998e-05 0.000653233
1.07181e-05 0.000666494
1.10428e-05 0.000679888
1.13741e-05 0.000693415
1.17119e-05 0.000707075
1.20563e-05 0.000720868
1.24074e-05 0.000734795
1.27652e-05 0.000748854
1.31299e-05 0.000763047
1.35015e-05 0.000777373
1.38799e-05 0.000791832
1.42654e-05 0.000806425
1.4658e-05 0.00082115
1.50577e-05 0.000836008
1.54646e-05 0.000851
1.58788e-05 0.000866125
1.63003e-05 0.000881383
1.67292e-05 0.000896774
1.71655e-05 0.000912298
1.76094e-05 0.000927955
1.80608e-05 0.000943746
1.85199e-05 0.000959669
1.89867e-05 0.000975726
1.94613e-05 0.000991915
1.99438e-05 0.00100824
2.04341e-05 0.00102469
2.09324e-05 0.00104128
2.14388e-05 0.001058
2.19532e-05 0.00107486
2.24758e-05 0.00109185
2.30066e-05 0.00110897
2.35458e-05 0.00112622
2.40933e-05 0.00114361
2.46492e-05 0.00116113
2.52135e-05 0.00117878
2.57865e-05 0.00119657
2.6368e-05 0.00121449
2.69582e-05 0.00123254
2.75572e-05 0.00125073
2.8165e-05 0.00126905
2.87816e-05 0.0012875
2.94072e-05 0.00130608
3.00417e-05 0.0013248
3.06854e-05 0.00134365
3.13381e-05 0.00136264
3.20001e-05 0.00138175
3.26713e-05 0.001401
3.33518e-05 0.00142039
3.40417e-05 0.0014399
3.4741e-05 0.00145955
3.54499e-05 0.00147933
3.61683e-05 0.00149925
3.68964e-05 0.0015193
3.76342e-05 0.00153948
3.83817e-05 0.00155979
3.91391e-05 0.00158024
3.99063e-05 0.00160082
4.06836e-05 0.00162153
4.14708e-05 0.00164237
4.22682e-05 0.00166335
4.30757e-05 0.00168446
4.38934e-05 0.00170571
4.47214e-05 0.00172709
4.55597e-05 0.0017486
4.64084e-05 0.00177024
4.72676e-05 0.00179201
4.81374e-05 0.00181392
4.90177e-05 0.00183596
4.99088e-05 0.00185814
5.08105e-05 0.00188045
5.1723e-05 0.00190289
5.26464e-05 0.00192546
5.35808e-05 0.00194817
5.45261e-05 0.00197101
5.54824e-05 0.00199398
5.64499e-05 0.00201708
5.74285e-05 0.00204032
5.84184e-05 0.00206369
5.94196e-05 0.00208719
6.04322e-05 0.00211083
6.14562e-05 0.0021346
6.24917e-05 0.0021585
6.35387e-05 0.00218254
6.45974e-05 0.0022067
6.56678e-05 0.002231
6.67499e-05 0.00225544
6.78439e-05 0.00228
6.89497e-05 0.0023047
7.00675e-05 0.00232953
7.11973e-05 0.0023545
7.23391e-05 0.00237959
7.34931e-05 0.00240482
7.46593e-05 0.00243019
7.58378e-05 0.00245568
7.70286e-05 0.00248131
7.82318e-05 0.00250707
7.94475e-05 0.00253297
8.06756e-05 0.00255899
8.19164e-05 0.00258515
8.31698e-05 0.00261144
8.4436e-05 0.00263787
8.57149e-05 0.00266442
8.70066e-05 0.00269111
8.83113e-05 0.00271794
8.96289e-05 0.00274489
9.09596e-05 0.00277198
9.23034e-05 0.0027992
9.36603e-05 0.00282655
9.50305e-05 0.00285404
9.64139e-05 0.00288166
9.78107e-05 0.00290941
9.92209e-05 0.00293729
0.000100645 0.00296531
0.000102082 0.00299346
0.000103533 0.00302174
0.000104997 0.00305016
0.000106476 0.0030787
0.000107968 0.00310738
0.000109474 0.0031362
0.000110994 0.00316514
0.000112527 0.00319422
0.000114075 0.00322343
0.000115637 0.00325277
0.000117214 0.00328225
0.000118804 0.00331185
0.000120409 0.00334159
0.000122028 0.00337147
0.000123662 0.00340147
0.00012531 0.00343161
0.000126973 0.00346188
0.00012865 0.00349228
0.000130342 0.00352282
0.000132049 0.00355349
0.00013377 0.00358429
0.000135507 0.00361522
0.000137258 0.00364629
0.000139025 0.00367748
0.000140807 0.00370881
0.000142603 0.00374028
0.000144415 0.00377187
0.000146242 0.0038036
0.000148085 0.00383546
0.000149943 0.00386745
0.000151816 0.00389958
0.000153705 0.00393184
0.00015561 0.00396423
0.00015753 0.00399675
0.000159466 0.0040294
0.000161418 0.00406219
0.000163385 0.00409511
0.000165369 0.00412816
0.000167368 0.00416135
0.000169383 0.00419466
0.000171415 0.00422811
0.000173463 0.00426169
0.000175527 0.00429541
0.000177607 0.00432925
0.000179704 0.00436323
0.000181817 0.00439734
0.000183946 0.00443158
0.000186092 0.00446596
0.000188255 0.00450047
0.000190434 0.00453511
0.000192631 0.00456988
0.000194844 0.00460478
0.000197073 0.00463982
0.00019932 0.00467499
0.000201584 0.00471029
0.000203865 0.00474572
0.000206163 0.00478129
0.000208478 0.00481699
0.00021081 0.00485282
0.00021316 0.00488878
0.000215527 0.00492487
0.000217911 0.0049611
0.000220313 0.00499746
0.000222733 0.00503395
0.00022517 0.00507057
0.000227625 0.00510733
0.000230098 0.00514421
0.000232588 0.00518123
0.000235097 0.00521838
0.000237623 0.00525567
0.000240167 0.00529308
0.00024273 0.00533063
0.00024531 0.00536831
0.000247909 0.00540612
0.000250526 0.00544407
0.000253162 0.00548214
0.000255815 0.00552035
0.000258488 0.00555869
0.000261178 0.00559716
0.000263888 0.00563577
0.000266616 0.0056745
0.000269363 0.00571337
0.000272128 0.00575237
0.000274913 0.0057915
0.000277716 0.00583077
0.000280538 0.00587016
0.000283379 0.00590969
0.00028624 0.00594935
0.000289119 0.00598914
0.000292018 0.00602907
0.000294936 0.00606912
0.000297874 0.00610931
0.000300831 0.00614963
0.000303807 0.00619008
0.000306803 0.00623066
0.000309818 0.00627138
0.000312854 0.00631223
0.000315908 0.00635321
0.000318983 0.00639432
0.000322078 0.00643556
0.000325192 0.00647693
0.000328327 0.00651844
0.000331481 0.00656008
0.000334656 0.00660185
0.000337851 0.00664375
0.000341066 0.00668578
0.000344301 0.00672795
0.000347557 0.00677025
0.000350833 0.00681267
0.00035413 0.00685524
0.000357447 0.00689793
0.000360785 0.00694075
0.000364144 0.00698371
0.000367523 0.00702679
0.000370923 0.00707001
0.000374344 0.00711336
0.000377786 0.00715685
0.000381249 0.00720046
0.000384733 0.00724421
0.000388239 0.00728808
0.000391765 0.00733209
0.000395313 0.00737623
0.000398882 0.00742051
0.000402472 0.00746491
0.000406084 0.00750944
0.000409717 0.00755411
0.000413372 0.00759891
0.000417049 0.00764384
0.000420747 0.0076889
0.000424467 0.00773409
0.000428209 0.00777942
0.000431973 0.00782488
0.000435758 0.00787046
0.000439566 0.00791618
0.000443396 0.00796203
0.000447248 0.00800802
0.000451122 0.00805413
0.000455018 0.00810037
0.000458937 0.00814675
0.000462879 0.00819326
0.000466842 0.0082399
0.000470828 0.00828667
0.000474837 0.00833357
0.000478869 0.0083806
0.000482923 0.00842777
0.000487 0.00847507
0.0004911 0.00852249
0.000495222 0.00857005
0.000499368 0.00861774
0.000503537 0.00866556
0.000507729 0.00871352
0.000511944 0.0087616
0.000516182 0.00880982
0.000520444 0.00885816
0.000524728 0.00890664
0.000529037 0.00895525
0.000533369 0.00900399
0.000537724 0.00905286
0.000542103 0.00910187
0.000546505 0.009151
0.000550932 0.00920027
0.000555382 0.00924966
0.000559856 0.00929919
0.000564354 0.00934885
0.000568876 0.00939864
0.000573422 0.00944856
0.000577992 0.00949861
0.000582586 0.0095488
0.000587204 0.00959911
0.000591847 0.00964956
0.000596514 0.00970013
0.000601206 0.00975084
0.000605922 0.00980168
0.000610663 0.00985265
0.000615428 0.00990375
0.000620218 0.00995498
0.000625033 0.0100063
0.000629872 0.0100578
0.000634737 0.0101095
0.000639626 0.0101612
0.00064454 0.0102131
0.000649479 0.0102651
0.000654444 0.0103173
0.000659434 0.0103696
0.000664449 0.010422
0.000669489 0.0104745
0.000674554 0.0105272
0.000679646 0.01058
0.000684762 0.0106329
0.000689904 0.010686
0.000695072 0.0107392
0.000700265 0.0107925
0.000705485 0.010846
0.00071073 0.0108995
0.000716001 0.0109533
0.000721297 0.0110071
0.00072662 0.0110611
0.000731969 0.0111152
0.000737344 0.0111694
0.000742746 0.0112238
0.000748173 0.0112783
0.000753627 0.011333
0.000759107 0.0113877
0.000764614 0.0114426
0.000770147 0.0114976
0.000775707 0.0115528
0.000781293 0.0116081
0.000786907 0.0116635
0.000792546 0.0117191
0.000798213 0.0117747
0.000803907 0.0118305
0.000809627 0.0118865
0.000815375 0.0119426
0.00082115 0.0119988
0.000826951 0.0120551
0.00083278 0.0121116
0.000838637 0.0121681
0.00084452 0.0122249
0.000850431 0.0122817
0.00085637 0.0123387
0.000862336 0.0123958
0.000868329 0.0124531
0.000874351 0.0125104
0.0008804 0.012568
0.000886476 0.0126256
0.000892581 0.0126834
0.000898713 0.0127413
0.000904874 0.0127993
0.000911062 0.0128574
0.000917279 0.0129157
0.000923523 0.0129741
0.000929796 0.0130327
0.000936097 0.0130914
0.000942427 0.0131502
0.000948785 0.0132091
0.000955171 0.0132682
0.000961586 0.0133274
0.000968029 0.0133867
0.000974501 0.0134462
0.000981002 0.0135058
0.000987532 0.0135655
0.00099409 0.0136254
0.00100068 0.0136853
0.00100729 0.0137454
0.00101394 0.0138057
0.00102061 0.0138661
0.00102732 0.0139266
0.00103405 0.0139872
0.00104081 0.014048
0.0010476 0.0141088
0.00105442 0.0141699
0.00106127 0.014231
0.00106815 0.0142923
0.00107506 0.0143537
0.001082 0.0144153
0.00108897 0.0144769
0.00109597 0.0145387
0.001103 0.0146007
0.00111006 0.0146627
0.00111715 0.0147249
0.00112426 0.0147872
0.00113141 0.0148497
0.00113859 0.0149123
0.0011458 0.014975
0.00115304 0.0150378
0.00116031 0.0151008
0.00116761 0.0151639
0.00117494 0.0152271
0.0011823 0.0152905
0.00118969 0.015354
0.00119711 0.0154176
0.00120457 0.0154814
0.00121205 0.0155452
0.00121956 0.0156092
0.00122711 0.0156734
0.00123469 0.0157376
0.00124229 0.015802
0.00124993 0.0158666
0.0012576 0.0159312
0.0012653 0.015996
0.00127303 0.0160609
0.0012808 0.016126
0.00128859 0.0161912
0.00129642 0.0162565
0.00130428 0.0163219
0.00131217 0.0163875
0.00132009 0.0164532
0.00132804 0.016519
0.00133603 0.0165849
0.00134404 0.016651
0.00135209 0.0167172
0.00136017 0.0167836
0.00136828 0.01685
0.00137643 0.0169166
0.00138461 0.0169834
0.00139281 0.0170502
0.00140106 0.0171172
0.00140933 0.0171843
0.00141763 0.0172516
0.00142597 0.017319
0.00143434 0.0173865
0.00144275 0.0174541
0.00145118 0.0175219
0.00145965 0.0175898
0.00146815 0.0176578
0.00147669 0.0177259
0.00148526 0.0177942
0.00149386 0.0178626
0.00150249 0.0179312
0.00151116 0.0179998
0.00151986 0.0180686
0.00152859 0.0181376
0.00153736 0.0182066
0.00154616 0.0182758
0.00155499 0.0183451
0.00156386 0.0184146
0.00157276 0.0184841
0.00158169 0.0185538
0.00159066 0.0186237
0.00159966 0.0186936
0.00160869 0.0187637
0.00161776 0.0188339
0.00162686 0.0189043
0.001636 0.0189747
0.00164517 0.0190453
0.00165437 0.0191161
0.00166361 0.0191869
0.00167289 0.0192579
0.00168219 0.0193291
0.00169153 0.0194003
0.00170091 0.0194717
0.00171032 0.0195432
0.00171977 0.0196148
0.00172925 0.0196866
0.00173876 0.0197585
0.00174831 0.0198305
0.00175789 0.0199026
0.00176751 0.0199749
0.00177716 0.0200473
0.00178685 0.0201199
0.00179658 0.0201925
0.00180633 0.0202653
0.00181613 0.0203382
0.00182596 0.0204113
0.00183582 0.0204845
0.00184572 0.0205578
0.00185566 0.0206312
0.00186563 0.0207048
0.00187563 0.0207785
0.00188567 0.0208523
0.00189575 0.0209262
0.00190586 0.0210003
0.00191601 0.0210745
0.0019262 0.0211489
0.00193642 0.0212233
0.00194667 0.0212979
0.00195696 0.0213726
0.00196729 0.0214475
0.00197766 0.0215225
0.00198806 0.0215976
0.00199849 0.0216728
0.00200897 0.0217482
0.00201948 0.0218237
0.00203002 0.0218993
0.00204061 0.021975
0.00205122 0.0220509
0.00206188 0.0221269
0.00207257 0.022203
0.0020833 0.0222793
0.00209407 0.0223557
0.00210487 0.0224322
0.00211571 0.0225088
0.00212659 0.0225856
0.0021375 0.0226625
0.00214845 0.0227395
0.00215944 0.0228167
0.00217047 0.022894
0.00218153 0.0229714
0.00219263 0.0230489
0.00220377 0.0231266
0.00221494 0.0232044
0.00222615 0.0232823
0.0022374 0.0233604
0.00224869 0.0234385
0.00226002 0.0235168
0.00227138 0.0235953
0.00228278 0.0236738
0.00229422 0.0237525
0.0023057 0.0238314
0.00231721 0.0239103
0.00232877 0.0239894
0.00234036 0.0240686
0.00235199 0.0241479
0.00236366 0.0242274
0.00237536 0.0243069
0.00238711 0.0243867
0.00239889 0.0244665
0.00241071 0.0245465
0.00242258 0.0246266
0.00243447 0.0247068
0.00244641 0.0247871
0.00245839 0.0248676
0.0024704 0.0249482
0.00248246 0.025029
0.00249455 0.0251098
0.00250669 0.0251908
0.00251886 0.0252719
0.00253107 0.0253532
0.00254332 0.0254345
0.00255561 0.025516
0.00256794 0.0255977
0.0025803 0.0256794
0.00259271 0.0257613
0.00260516 0.0258433
0.00261765 0.0259254
0.00263017 0.0260077
0.00264274 0.0260901
0.00265534 0.0261726
0.00266799 0.0262552
0.00268067 0.026338
0.0026934 0.0264209
0.00270617 0.0265039
0.00271897 0.0265871
0.00273182 0.0266704
0.0027447 0.0267538
0.00275763 0.0268373
0.0027706 0.026921
0.0027836 0.0270048
0.00279665 0.0270887
0.00280974 0.0271727
0.00282287 0.0272569
0.00283604 0.0273412
0.00284925 0.0274256
0.0028625 0.0275102
0.00287579 0.0275948
0.00288912 0.0276796
0.00290249 0.0277646
0.00291591 0.0278496
0.00292936 0.0279348
0.00294286 0.0280201
0.0029564 0.0281056
0.00296998 0.0281911
0.0029836 0.0282768
0.00299726 0.0283626
0.00301096 0.0284486
0.0030247 0.0285347
0.00303849 0.0286208
0.00305232 0.0287072
0.00306619 0.0287936
0.0030801 0.0288802
0.00309405 0.0289669
0.00310805 0.0290537
0.00312208 0.0291407
0.00313616 0.0292278
0.00315028 0.029315
0.00316444 0.0294023
0.00317865 0.0294898
0.0031929 0.0295774
0.00320718 0.0296651
0.00322152 0.0297529
0.00323589 0.0298409
0.00325031 0.029929
0.00326477 0.0300172
0.00327927 0.0301056
0.00329381 0.0301941
0.0033084 0.0302827
0.00332303 0.0303714
0.0033377 0.0304602
0.00335242 0.0305492
0.00336718 0.0306383
0.00338198 0.0307276
0.00339682 0.0308169
0.00341171 0.0309064
0.00342664 0.030996
0.00344161 0.0310858
0.00345663 0.0311756
0.00347169 0.0312656
0.0034868 0.0313557
0.00350195 0.031446
0.00351714 0.0315363
0.00353237 0.0316268
0.00354765 0.0317174
0.00356297 0.0318082
0.00357834 0.0318991
0.00359375 0.0319901
0.0036092 0.0320812
0.0036247 0.0321724
0.00364024 0.0322638
0.00365583 0.0323553
0.00367146 0.0324469
0.00368713 0.0325387
0.00370285 0.0326306
0.00371862 0.0327226
0.00373442 0.0328147
0.00375028 0.032907
0.00376617 0.0329993
0.00378211 0.0330918
0.0037981 0.0331845
0.00381413 0.0332772
0.00383021 0.0333701
0.00384633 0.0334631
0.00386249 0.0335563
0.0038787 0.0336495
0.00389496 0.0337429
0.00391126 0.0338364
0.0039276 0.0339301
0.00394399 0.0340238
0.00396043 0.0341177
0.00397691 0.0342117
0.00399344 0.0343059
0.00401001 0.0344001
0.00402663 0.0344945
0.00404329 0.034589
0.00406 0.0346837
0.00407675 0.0347784
0.00409355 0.0348733
0.0041104 0.0349683
0.00412729 0.0350635
0.00414423 0.0351587
0.00416121 0.0352541
0.00417824 0.0353496
0.00419532 0.0354453
0.00421244 0.035541
0.00422961 0.0356369
0.00424682 0.035733
0.00426408 0.0358291
0.00428139 0.0359254
0.00429874 0.0360217
0.00431614 0.0361183
0.00433359 0.0362149
0.00435108 0.0363117
0.00436862 0.0364086
0.00438621 0.0365056
0.00440384 0.0366027
0.00442153 0.0367
0.00443925 0.0367974
0.00445703 0.0368949
0.00447485 0.0369925
0.00449272 0.0370903
0.00451063 0.0371882
0.0045286 0.0372862
0.00454661 0.0373843
0.00456467 0.0374826
0.00458277 0.037581
0.00460092 0.0376795
0.00461912 0.0377781
0.00463737 0.0378769
0.00465567 0.0379758
0.00467401 0.0380748
0.0046924 0.0381739
0.00471084 0.0382732
0.00472933 0.0383726
0.00474786 0.0384721
0.00476645 0.0385717
0.00478508 0.0386714
0.00480376 0.0387713
0.00482249 0.0388713
0.00484126 0.0389715
0.00486009 0.0390717
0.00487896 0.0391721
0.00489788 0.0392726
0.00491685 0.0393732
0.00493587 0.039474
0.00495493 0.0395748
0.00497405 0.0396758
0.00499321 0.039777
0.00501243 0.0398782
0.00503169 0.0399796
0.005051 0.0400811
0.00507036 0.0401827
0.00508977 0.0402844
0.00510922 0.0403863
0.00512873 0.0404883
0.00514829 0.0405904
0.00516789 0.0406926
0.00518755 0.040795
0.00520725 0.0408975
0.00522701 0.0410001
0.00524681 0.0411028
0.00526666 0.0412057
0.00528656 0.0413087
0.00530652 0.0414118
0.00532652 0.041515
0.00534657 0.0416184
0.00536667 0.0417218
0.00538682 0.0418254
0.00540703 0.0419292
0.00542728 0.042033
0.00544758 0.042137
0.00546793 0.0422411
0.00548833 0.0423453
0.00550879 0.0424496
0.00552929 0.0425541
0.00554984 0.0426587
0.00557045 0.0427634
0.0055911 0.0428682
0.00561181 0.0429732
0.00563256 0.0430783
0.00565337 0.0431835
0.00567423 0.0432888
0.00569513 0.0433942
0.00571609 0.0434998
0.0057371 0.0436055
0.00575816 0.0437113
0.00577928 0.0438173
0.00580044 0.0439233
0.00582165 0.0440295
0.00584292 0.0441358
0.00586424 0.0442423
0.0058856 0.0443488
0.00590702 0.0444555
0.00592849 0.0445623
0.00595002 0.0446693
0.00597159 0.0447763
0.00599322 0.0448835
0.0060149 0.0449908
0.00603663 0.0450982
0.00605841 0.0452057
0.00608024 0.0453134
0.00610212 0.0454212
0.00612406 0.0455291
0.00614605 0.0456371
0.00616809 0.0457453
0.00619019 0.0458536
0.00621233 0.045962
0.00623453 0.0460705
0.00625678 0.0461791
0.00627909 0.0462879
0.00630144 0.0463968
0.00632385 0.0465058
0.00634631 0.046615
0.00636882 0.0467242
0.00639139 0.0468336
0.00641401 0.0469431
0.00643668 0.0470527
0.00645941 0.0471625
0.00648218 0.0472723
0.00650501 0.0473823
0.0065279 0.0474925
0.00655083 0.0476027
0.00657383 0.0477131
0.00659687 0.0478235
0.00661997 0.0479341
0.00664312 0.0480449
0.00666632 0.0481557
0.00668958 0.0482667
0.00671289 0.0483778
0.00673625 0.048489
0.00675967 0.0486003
0.00678314 0.0487118
0.00680667 0.0488234
0.00683025 0.0489351
0.00685388 0.0490469
0.00687757 0.0491588
0.00690131 0.0492709
0.0069251 0.0493831
0.00694895 0.0494954
0.00697286 0.0496079
0.00699682 0.0497204
0.00702083 0.0498331
0.00704489 0.0499459
0.00706902 0.0500588
0.00709319 0.0501719
0.00711742 0.050285
0.00714171 0.0503983
0.00716605 0.0505117
0.00719044 0.0506252
0.00721489 0.0507389
0.00723939 0.0508527
0.00726395 0.0509666
0.00728857 0.0510806
0.00731324 0.0511947
0.00733796 0.051309
0.00736274 0.0514233
0.00738757 0.0515379
0.00741246 0.0516525
0.00743741 0.0517672
0.00746241 0.0518821
0.00748746 0.0519971
0.00751258 0.0521122
0.00753774 0.0522274
0.00756296 0.0523428
0.00758824 0.0524582
0.00761358 0.0525738
0.00763897 0.0526895
0.00766441 0.0528054
0.00768991 0.0529213
0.00771547 0.0530374
0.00774108 0.0531536
0.00776675 0.0532699
0.00779248 0.0533864
0.00781826 0.0535029
0.0078441 0.0536196
0.00786999 0.0537364
0.00789594 0.0538533
0.00792195 0.0539704
0.00794801 0.0540875
0.00797413 0.0542048
0.00800031 0.0543222
0.00802654 0.0544397
0.00805284 0.0545574
0.00807918 0.0546752
0.00810559 0.054793
0.00813205 0.0549111
0.00815856 0.0550292
0.00818514 0.0551474
0.00821177 0.0552658
0.00823846 0.0553843
0.00826521 0.0555029
0.00829201 0.0556216
0.00831887 0.0557405
0.00834579 0.0558595
0.00837276 0.0559786
0.0083998 0.0560978
0.00842689 0.0562171
0.00845403 0.0563366
0.00848124 0.0564561
0.0085085 0.0565758
0.00853583 0.0566956
0.0085632 0.0568156
0.00859064 0.0569356
0.00861814 0.0570558
0.00864569 0.0571761
0.0086733 0.0572965
0.00870097 0.057417
0.0087287 0.0575377
0.00875648 0.0576585
0.00878433 0.0577794
0.00881223 0.0579004
0.00884019 0.0580215
0.00886821 0.0581428
0.00889628 0.0582641
0.00892442 0.0583856
0.00895261 0.0585072
0.00898087 0.058629
0.00900918 0.0587508
0.00903755 0.0588728
0.00906598 0.0589949
0.00909447 0.0591171
0.00912302 0.0592394
0.00915162 0.0593619
0.00918029 0.0594845
0.00920902 0.0596071
0.0092378 0.05973
0.00926664 0.0598529
0.00929555 0.0599759
0.00932451 0.0600991
0.00935353 0.0602224
0.00938261 0.0603458
0.00941175 0.0604693
0.00944095 0.060593
0.00947021 0.0607167
0.00949953 0.0608406
0.00952891 0.0609646
0.00955835 0.0610887
0.00958785 0.061213
0.00961741 0.0613373
0.00964703 0.0614618
0.00967671 0.0615864
0.00970645 0.0617111
0.00973625 0.061836
0.00976611 0.0619609
0.00979603 0.062086
0.00982601 0.0622112
0.00985605 0.0623365
0.00988615 0.0624619
0.00991631 0.0625875
0.00994654 0.0627131
0.00997682 0.0628389
0.0100072 0.0629648
0.0100376 0.0630908
0.010068 0.063217
0.0100986 0.0633432
0.0101291 0.0634696
0.0101598 0.0635961
0.0101905 0.0637227
0.0102213 0.0638495
0.0102521 0.0639763
0.010283 0.0641033
0.010314 0.0642304
0.010345 0.0643576
0.010376 0.0644849
0.0104072 0.0646124
0.0104384 0.0647399
0.0104696 0.0648676
0.010501 0.0649954
0.0105324 0.0651233
0.0105638 0.0652514
0.0105953 0.0653795
0.0106269 0.0655078
0.0106585 0.0656362
0.0106902 0.0657647
0.010722 0.0658933
0.0107538 0.0660221
0.0107857 0.0661509
0.0108176 0.0662799
0.0108496 0.066409
0.0108817 0.0665382
0.0109138 0.0666676
0.010946 0.066797
0.0109782 0.0669266
0.0110106 0.0670563
0.0110429 0.0671861
0.0110754 0.067316
0.0111079 0.067446
0.0111405 0.0675762
0.0111731 0.0677065
0.0112058 0.0678369
0.0112385 0.0679674
0.0112714 0.068098
0.0113042 0.0682287
0.0113372 0.0683596
0.0113702 0.0684906
0.0114033 0.0686217
0.0114364 0.0687529
0.0114696 0.0688842
0.0115029 0.0690157
0.0115362 0.0691473
0.0115696 0.0692789
0.011603 0.0694107
0.0116365 0.0695427
0.0116701 0.0696747
0.0117038 0.0698069
0.0117375 0.0699391
0.0117712 0.0700715
0.0118051 0.070204
0.011839 0.0703366
0.0118729 0.0704694
0.011907 0.0706022
0.0119411 0.0707352
0.0119752 0.0708683
0.0120094 0.0710015
0.0120437 0.0711348
0.0120781 0.0712683
0.0121125 0.0714018
0.0121469 0.0715355
0.0121815 0.0716693
0.0122161 0.0718032
0.0122508 0.0719372
0.0122855 0.0720713
0.0123203 0.0722056
0.0123552 0.07234
0.0123901 0.0724745
0.0124251 0.0726091
0.0124601 0.0727438
0.0124953 0.0728786
0.0125305 0.0730136
0.0125657 0.0731487
0.012601 0.0732838
0.0126364 0.0734191
0.0126719 0.0735546
0.0127074 0.0736901
0.012743 0.0738257
0.0127786 0.0739615
0.0128143 0.0740974
0.0128501 0.0742334
0.0128859 0.0743695
0.0129219 0.0745058
0.0129578 0.0746421
0.0129939 0.0747786
0.01303 0.0749151
0.0130661 0.0750518
0.0131024 0.0751887
0.0131387 0.0753256
0.0131751 0.0754626
0.0132115 0.0755998
0.013248 0.0757371
0.0132846 0.0758745
0.0133212 0.076012
0.0133579 0.0761496
0.0133947 0.0762873
0.0134315 0.0764252
0.0134684 0.0765631
0.0135054 0.0767012
0.0135424 0.0768394
0.0135795 0.0769777
0.0136167 0.0771162
0.0136539 0.0772547
0.0136912 0.0773934
0.0137286 0.0775322
0.013766 0.077671
0.0138035 0.0778101
0.0138411 0.0779492
0.0138787 0.0780884
0.0139164 0.0782278
0.0139542 0.0783672
0.013992 0.0785068
0.0140299 0.0786465
0.0140679 0.0787863
0.014106 0.0789263
0.0141441 0.0790663
0.0141822 0.0792065
0.0142205 0.0793467
0.0142588 0.0794871
0.0142972 0.0796276
0.0143356 0.0797682
0.0143741 0.079909
0.0144127 0.0800498
0.0144514 0.0801908
0.0144901 0.0803319
0.0145289 0.080473
0.0145677 0.0806144
0.0146067 0.0807558
0.0146456 0.0808973
0.0146847 0.081039
0.0147238 0.0811807
0.014763 0.0813226
0.0148023 0.0814646
0.0148416 0.0816067
0.014881 0.0817489
0.0149205 0.0818913
0.01496 0.0820337
0.0149996 0.0821763
0.0150393 0.0823189
0.0150791 0.0824617
0.0151189 0.0826046
0.0151588 0.0827477
0.0151987 0.0828908
0.0152387 0.083034
0.0152788 0.0831774
0.015319 0.0833209
0.0153592 0.0834645
0.0153995 0.0836082
0.0154399 0.083752
0.0154803 0.0838959
0.0155208 0.08404
0.0155614 0.0841841
0.015602 0.0843284
0.0156428 0.0844728
0.0156835 0.0846173
0.0157244 0.0847619
0.0157653 0.0849066
0.0158063 0.0850515
0.0158474 0.0851964
0.0158885 0.0853415
0.0159297 0.0854867
0.015971 0.085632
0.0160123 0.0857774
0.0160537 0.0859229
0.0160952 0.0860685
0.0161368 0.0862143
0.0161784 0.0863602
0.0162201 0.0865061
0.0162619 0.0866522
0.0163037 0.0867984
0.0163456 0.0869447
0.0163876 0.0870912
0.0164296 0.0872377
0.0164718 0.0873844
0.016514 0.0875311
0.0165562 0.087678
0.0165985 0.087825
0.0166409 0.0879721
0.0166834 0.0881193
0.016726 0.0882667
0.0167686 0.0884141
0.0168113 0.0885617
0.016854 0.0887093
0.0168969 0.0888571
0.0169398 0.089005
0.0169827 0.089153
0.0170258 0.0893011
0.0170689 0.0894494
0.0171121 0.0895977
0.0171553 0.0897462
0.0171987 0.0898947
0.0172421 0.0900434
0.0172855 0.0901922
0.0173291 0.0903411
0.0173727 0.0904901
0.0174164 0.0906393
0.0174601 0.0907885
0.017504 0.0909379
0.0175479 0.0910873
0.0175919 0.0912369
0.0176359 0.0913866
0.01768 0.0915364
0.0177242 0.0916863
0.0177685 0.0918364
0.0178128 0.0919865
0.0178572 0.0921368
0.0179017 0.0922871
0.0179463 0.0924376
0.0179909 0.0925882
0.0180356 0.0927389
0.0180804 0.0928897
0.0181252 0.0930406
0.0181701 0.0931917
0.0182151 0.0933428
0.0182602 0.0934941
0.0183053 0.0936454
0.0183506 0.0937969
0.0183958 0.0939485
0.0184412 0.0941002
0.0184866 0.094252
0.0185321 0.094404
0.0185777 0.094556
0.0186234 0.0947081
0.0186691 0.0948604
0.0187149 0.0950128
0.0187607 0.0951653
0.0188067 0.0953179
0.0188527 0.0954706
0.0188988 0.0956234
0.018945 0.0957763
0.0189912 0.0959293
0.0190375 0.0960825
0.0190839 0.0962358
0.0191304 0.0963891
0.0191769 0.0965426
0.0192235 0.0966962
0.0192702 0.0968499
0.019317 0.0970037
0.0193638 0.0971577
0.0194107 0.0973117
0.0194577 0.0974658
0.0195047 0.0976201
0.0195519 0.0977745
0.0195991 0.0979289
0.0196463 0.0980835
0.0196937 0.0982382
0.0197411 0.098393
0.0197886 0.098548
0.0198362 0.098703
0.0198839 0.0988581
0.0199316 0.0990134
0.0199794 0.0991688
0.0200273 0.0993242
0.0200752 0.0994798
0.0201232 0.0996355
0.0201713 0.0997913
0.0202195 0.0999472
0.0202678 0.100103
0.0203161 0.100259
0.0203645 0.100416
0.020413 0.100572
0.0204615 0.100728
0.0205102 0.100885
0.0205589 0.101042
0.0206076 0.101198
0.0206565 0.101355
0.0207054 0.101512
0.0207544 0.10167
0.0208035 0.101827
0.0208527 0.101984
0.0209019 0.102142
0.0209512 0.102299
0.0210006 0.102457
0.0210501 0.102615
0.0210996 0.102772
0.0211492 0.10293
0.0211989 0.103089
0.0212487 0.103247
0.0212985 0.103405
0.0213485 0.103564
0.0213985 0.103722
0.0214485 0.103881
0.0214987 0.10404
0.0215489 0.104198
0.0215992 0.104357
0.0216496 0.104516
0.0217001 0.104676
0.0217506 0.104835
0.0218012 0.104994
0.0218519 0.105154
0.0219027 0.105314
0.0219535 0.105473
0.0220044 0.105633
0.0220554 0.105793
0.0221065 0.105953
0.0221576 0.106113
0.0222089 0.106274
0.0222602 0.106434
0.0223116 0.106595
0.022363 0.106755
0.0224146 0.106916
0.0224662 0.107077
0.0225179 0.107238
0.0225696 0.107399
0.0226215 0.10756
0.0226734 0.107721
0.0227254 0.107882
0.0227775 0.108044
0.0228296 0.108206
0.0228819 0.108367
0.0229342 0.108529
0.0229866 0.108691
0.0230391 0.108853
0.0230916 0.109015
0.0231442 0.109177
0.023197 0.10934
0.0232497 0.109502
0.0233026 0.109665
0.0233555 0.109827
0.0234086 0.10999
0.0234617 0.110153
0.0235148 0.110316
0.0235681 0.110479
0.0236214 0.110642
0.0236748 0.110806
0.0237283 0.110969
0.0237819 0.111133
0.0238356 0.111296
0.0238893 0.11146
0.0239431 0.111624
0.023997 0.111788
0.0240509 0.111952
0.024105 0.112116
0.0241591 0.11228
0.0242133 0.112445
0.0242676 0.112609
0.024322 0.112774
0.0243764 0.112938
0.0244309 0.113103
0.0244855 0.113268
0.0245402 0.113433
0.024595 0.113598
0.0246498 0.113764
0.0247047 0.113929
0.0247597 0.114094
0.0248148 0.11426
0.02487 0.114426
0.0249252 0.114591
0.0249805 0.114757
0.0250359 0.114923
0.0250914 0.115089
0.025147 0.115256
0.0252026 0.115422
0.0252583 0.115588
0.0253141 0.115755
0.02537 0.115922
0.025426 0.116088
0.025482 0.116255
0.0255381 0.116422
0.0255943 0.116589
0.0256506 0.116756
0.025707 0.116924
0.0257634 0.117091
0.0258199 0.117258
0.0258766 0.117426
0.0259332 0.117594
0.02599 0.117761
0.0260469 0.117929
0.0261038 0.118097
0.0261608 0.118265
0.0262179 0.118434
0.0262751 0.118602
0.0263323 0.11877
0.0263897 0.118939
0.0264471 0.119108
0.0265046 0.119276
0.0265622 0.119445
0.0266198 0.119614
0.0266776 0.119783
0.0267354 0.119952
0.0267933 0.120122
0.0268513 0.120291
0.0269093 0.120461
0.0269675 0.12063
0.0270257 0.1208
0.027084 0.12097
0.0271424 0.12114
0.0272009 0.12131
0.0272595 0.12148
0.0273181 0.12165
0.0273768 0.12182
0.0274357 0.121991
0.0274945 0.122161
0.0275535 0.122332
0.0276126 0.122503
0.0276717 0.122673
0.0277309 0.122844
0.0277902 0.123016
0.0278496 0.123187
0.0279091 0.123358
0.0279686 0.123529
0.0280283 0.123701
0.028088 0.123872
0.0281478 0.124044
0.0282077 0.124216
0.0282676 0.124388
0.0283277 0.12456
0.0283878 0.124732
0.028448 0.124904
0.0285083 0.125076
0.0285687 0.125249
0.0286291 0.125421
0.0286897 0.125594
0.0287503 0.125767
0.028811 0.12594
0.0288718 0.126113
0.0289327 0.126286
0.0289937 0.126459
0.0290547 0.126632
0.0291158 0.126805
0.0291771 0.126979
0.0292384 0.127152
0.0292997 0.127326
0.0293612 0.1275
0.0294227 0.127674
0.0294844 0.127848
0.0295461 0.128022
0.0296079 0.128196
0.0296698 0.12837
0.0297317 0.128545
0.0297938 0.128719
0.0298559 0.128894
0.0299182 0.129068
0.0299805 0.129243
0.0300428 0.129418
0.0301053 0.129593
0.0301679 0.129768
0.0302305 0.129943
0.0302932 0.130119
0.0303561 0.130294
0.030419 0.13047
0.0304819 0.130645
0.030545 0.130821
0.0306082 0.130997
0.0306714 0.131173
0.0307347 0.131349
0.0307981 0.131525
0.0308616 0.131701
0.0309252 0.131878
0.0309888 0.132054
0.0310526 0.132231
0.0311164 0.132407
0.0311803 0.132584
0.0312443 0.132761
0.0313084 0.132938
0.0313726 0.133115
0.0314369 0.133292
0.0315012 0.133469
0.0315656 0.133647
0.0316301 0.133824
0.0316947 0.134002
0.0317594 0.13418
0.0318242 0.134357
0.0318891 0.134535
0.031954 0.134713
0.032019 0.134891
0.0320841 0.135069
0.0321493 0.135248
0.0322146 0.135426
0.03228 0.135605
0.0323455 0.135783
0.032411 0.135962
0.0324766 0.136141
0.0325424 0.13632
0.0326082 0.136499
0.0326741 0.136678
0.03274 0.136857
0.0328061 0.137036
0.0328722 0.137216
0.0329385 0.137395
0.0330048 0.137575
0.0330712 0.137755
0.0331377 0.137934
0.0332043 0.138114
0.033271 0.138294
0.0333377 0.138474
0.0334046 0.138655
0.0334715 0.138835
0.0335385 0.139015
0.0336056 0.139196
0.0336728 0.139377
0.0337401 0.139557
0.0338075 0.139738
0.0338749 0.139919
0.0339424 0.1401
0.0340101 0.140281
0.0340778 0.140462
0.0341456 0.140644
0.0342135 0.140825
0.0342815 0.141007
0.0343495 0.141188
0.0344177 0.14137
0.0344859 0.141552
0.0345543 0.141734
0.0346227 0.141916
0.0346912 0.142098
0.0347598 0.14228
0.0348284 0.142463
0.0348972 0.142645
0.0349661 0.142828
0.035035 0.14301
0.035104 0.143193
0.0351732 0.143376
0.0352424 0.143559
0.0353117 0.143742
0.0353811 0.143925
0.0354505 0.144108
0.0355201 0.144291
0.0355897 0.144475
0.0356595 0.144658
0.0357293 0.144842
0.0357992 0.145026
0.0358692 0.14521
0.0359393 0.145394
0.0360095 0.145578
0.0360798 0.145762
0.0361501 0.145946
0.0362206 0.14613
0.0362911 0.146315
0.0363618 0.146499
0.0364325 0.146684
0.0365033 0.146869
0.0365742 0.147053
0.0366452 0.147238
0.0367162 0.147423
0.0367874 0.147609
0.0368586 0.147794
0.03693 0.147979
0.0370014 0.148165
0.0370729 0.14835
0.0371445 0.148536
0.0372162 0.148721
0.037288 0.148907
0.0373599 0.149093
0.0374319 0.149279
0.0375039 0.149465
0.0375761 0.149651
0.0376483 0.149838
0.0377206 0.150024
0.0377931 0.150211
0.0378656 0.150397
0.0379382 0.150584
0.0380109 0.150771
0.0380836 0.150958
0.0381565 0.151145
0.0382295 0.151332
0.0383025 0.151519
0.0383756 0.151706
0.0384489 0.151894
0.0385222 0.152081
0.0385956 0.152269
0.0386691 0.152456
0.0387427 0.152644
0.0388164 0.152832
0.0388901 0.15302
0.038964 0.153208
0.039038 0.153396
0.039112 0.153585
0.0391861 0.153773
0.0392604 0.153961
0.0393347 0.15415
0.0394091 0.154339
0.0394836 0.154527
0.0395582 0.154716
0.0396329 0.154905
0.0397076 0.155094
0.0397825 0.155283
0.0398574 0.155473
0.0399325 0.155662
0.0400076 0.155851
0.0400829 0.156041
0.0401582 0.156231
0.0402336 0.15642
0.0403091 0.15661
0.0403847 0.1568
0.0404604 0.15699
0.0405362 0.15718
0.040612 0.15737
0.040688 0.157561
0.040764 0.157751
0.0408402 0.157942
0.0409164 0.158132
0.0409928 0.158323
0.0410692 0.158514
0.0411457 0.158705
0.0412223 0.158896
0.041299 0.159087
0.0413758 0.159278
0.0414527 0.159469
0.0415296 0.15966
0.0416067 0.159852
0.0416839 0.160043
0.0417611 0.160235
0.0418385 0.160427
0.0419159 0.160619
0.0419934 0.160811
0.042071 0.161003
0.0421488 0.161195
0.0422266 0.161387
0.0423045 0.161579
0.0423825 0.161772
0.0424605 0.161964
0.0425387 0.162157
0.042617 0.16235
0.0426954 0.162543
0.0427738 0.162735
0.0428524 0.162928
0.042931 0.163122
0.0430097 0.163315
0.0430886 0.163508
0.0431675 0.163701
0.0432465 0.163895
0.0433256 0.164088
0.0434048 0.164282
0.0434841 0.164476
0.0435635 0.16467
0.043643 0.164864
0.0437226 0.165058
0.0438022 0.165252
0.043882 0.165446
0.0439619 0.16564
0.0440418 0.165835
0.0441219 0.166029
0.044202 0.166224
0.0442822 0.166419
0.0443626 0.166614
0.044443 0.166808
0.0445235 0.167003
0.0446041 0.167198
0.0446848 0.167394
0.0447656 0.167589
0.0448465 0.167784
0.0449275 0.16798
0.0450086 0.168175
0.0450898 0.168371
0.045171 0.168567
0.0452524 0.168763
0.0453338 0.168959
0.0454154 0.169155
0.045497 0.169351
0.0455788 0.169547
0.0456606 0.169743
0.0457426 0.16994
0.0458246 0.170136
0.0459067 0.170333
0.0459889 0.170529
0.0460712 0.170726
0.0461536 0.170923
0.0462361 0.17112
0.0463187 0.171317
0.0464014 0.171514
0.0464842 0.171711
0.0465671 0.171909
0.0466501 0.172106
0.0467331 0.172304
0.0468163 0.172501
0.0468996 0.172699
0.0469829 0.172897
0.0470664 0.173095
0.0471499 0.173293
0.0472336 0.173491
0.0473173 0.173689
0.0474012 0.173887
0.0474851 0.174086
0.0475691 0.174284
0.0476532 0.174483
0.0477375 0.174681
0.0478218 0.17488
0.0479062 0.175079
0.0479907 0.175278
0.0480753 0.175477
0.04816 0.175676
0.0482448 0.175875
0.0483297 0.176074
0.0484147 0.176274
0.0484997 0.176473
0.0485849 0.176673
0.0486702 0.176873
0.0487556 0.177072
0.048841 0.177272
0.0489266 0.177472
0.0490123 0.177672
0.049098 0.177872
0.0491839 0.178072
0.0492698 0.178273
0.0493559 0.178473
0.049442 0.178674
0.0495283 0.178874
0.0496146 0.179075
0.049701 0.179276
0.0497876 0.179477
0.0498742 0.179677
0.0499609 0.179879
0.0500477 0.18008
0.0501347 0.180281
0.0502217 0.180482
0.0503088 0.180684
0.050396 0.180885
0.0504833 0.181087
0.0505707 0.181288
0.0506582 0.18149
0.0507458 0.181692
0.0508335 0.181894
0.0509213 0.182096
0.0510092 0.182298
0.0510972 0.1825
0.0511853 0.182703
0.0512735 0.182905
0.0513617 0.183108
0.0514501 0.18331
0.0515386 0.183513
0.0516272 0.183716
0.0517159 0.183918
0.0518046 0.184121
0.0518935 0.184324
0.0519825 0.184528
0.0520715 0.184731
0.0521607 0.184934
0.05225 0.185137
0.0523393 0.185341
0.0524288 0.185545
0.0525183 0.185748
0.052608 0.185952
0.0526977 0.186156
0.0527876 0.18636
0.0528775 0.186564
0.0529676 0.186768
0.0530577 0.186972
0.053148 0.187176
0.0532383 0.187381
0.0533288 0.187585
0.0534193 0.18779
0.0535099 0.187995
0.0536007 0.188199
0.0536915 0.188404
0.0537825 0.188609
0.0538735 0.188814
0.0539646 0.189019
0.0540559 0.189224
0.0541472 0.18943
0.0542386 0.189635
0.0543301 0.189841
0.0544218 0.190046
0.0545135 0.190252
0.0546053 0.190457
0.0546973 0.190663
0.0547893 0.190869
0.0548814 0.191075
0.0549736 0.191281
0.055066 0.191487
0.0551584 0.191694
0.0552509 0.1919
0.0553435 0.192106
0.0554363 0.192313
0.0555291 0.19252
0.055622 0.192726
0.055715 0.192933
0.0558081 0.19314
0.0559014 0.193347
0.0559947 0.193554
0.0560881 0.193761
0.0561816 0.193968
0.0562752 0.194176
0.056369 0.194383
0.0564628 0.194591
0.0565567 0.194798
0.0566507 0.195006
0.0567448 0.195214
0.0568391 0.195422
0.0569334 0.19563
0.0570278 0.195838
0.0571223 0.196046
0.057217 0.196254
0.0573117 0.196462
0.0574065 0.196671
0.0575014 0.196879
0.0575965 0.197088
0.0576916 0.197296
0.0577868 0.197505
0.0578821 0.197714
0.0579776 0.197923
0.0580731 0.198132
0.0581687 0.198341
0.0582645 0.19855
0.0583603 0.198759
0.0584562 0.198969
0.0585523 0.199178
0.0586484 0.199387
0.0587446 0.199597
0.058841 0.199807
0.0589374 0.200017
0.0590339 0.200226
0.0591306 0.200436
0.0592273 0.200646
0.0593242 0.200857
0.0594211 0.201067
0.0595181 0.201277
0.0596153 0.201487
0.0597125 0.201698
0.0598099 0.201908
0.0599073 0.202119
0.0600049 0.20233
0.0601026 0.202541
0.0602003 0.202752
0.0602982 0.202962
0.0603961 0.203174
0.0604942 0.203385
0.0605924 0.203596
0.0606906 0.203807
0.060789 0.204019
0.0608875 0.20423
0.060986 0.204442
0.0610847 0.204653
0.0611835 0.204865
0.0612824 0.205077
0.0613813 0.205289
0.0614804 0.205501
0.0615796 0.205713
0.0616789 0.205925
0.0617783 0.206138
0.0618778 0.20635
0.0619774 0.206562
0.0620771 0.206775
0.0621769 0.206988
0.0622768 0.2072
0.0623768 0.207413
0.0624769 0.207626
0.0625771 0.207839
0.0626774 0.208052
0.0627778 0.208265
0.0628783 0.208478
0.062979 0.208692
0.0630797 0.208905
0.0631805 0.209118
0.0632815 0.209332
0.0633825 0.209546
0.0634836 0.209759
0.0635849 0.209973
0.0636862 0.210187
0.0637877 0.210401
0.0638892 0.210615
0.0639909 0.210829
0.0640926 0.211043
0.0641945 0.211258
0.0642964 0.211472
0.0643985 0.211686
0.0645007 0.211901
0.0646029 0.212116
0.0647053 0.21233
0.0648078 0.212545
0.0649104 0.21276
0.0650131 0.212975
0.0651159 0.21319
0.0652188 0.213405
0.0653218 0.213621
0.0654249 0.213836
0.0655281 0.214051
0.0656314 0.214267
0.0657348 0.214482
0.0658383 0.214698
0.0659419 0.214914
0.0660457 0.21513
0.0661495 0.215345
0.0662534 0.215561
0.0663575 0.215777
0.0664616 0.215994
0.0665659 0.21621
0.0666702 0.216426
0.0667747 0.216643
0.0668792 0.216859
0.0669839 0.217076
0.0670887 0.217292
0.0671935 0.217509
0.0672985 0.217726
0.0674036 0.217943
0.0675088 0.21816
0.0676141 0.218377
0.0677195 0.218594
0.067825 0.218811
0.0679306 0.219028
0.0680363 0.219246
0.0681421 0.219463
0.068248 0.219681
0.0683541 0.219898
0.0684602 0.220116
0.0685664 0.220334
0.0686728 0.220552
0.0687792 0.22077
0.0688858 0.220988
0.0689924 0.221206
0.0690992 0.221424
0.0692061 0.221642
0.069313 0.221861
0.0694201 0.222079
0.0695273 0.222298
0.0696346 0.222516
0.069742 0.222735
0.0698495 0.222954
0.0699571 0.223173
0.0700648 0.223392
0.0701726 0.223611
0.0702806 0.22383
0.0703886 0.224049
0.0704967 0.224268
0.070605 0.224488
0.0707133 0.224707
0.0708218 0.224927
0.0709303 0.225146
0.071039 0.225366
0.0711477 0.225586
0.0712566 0.225805
0.0713656 0.226025
0.0714747 0.226245
0.0715839 0.226465
0.0716932 0.226686
0.0718026 0.226906
0.0719121 0.227126
0.0720217 0.227347
0.0721315 0.227567
0.0722413 0.227788
0.0723512 0.228008
0.0724613 0.228229
0.0725714 0.22845
0.0726817 0.228671
0.072792 0.228892
0.0729025 0.229113
0.0730131 0.229334
0.0731238 0.229555
0.0732346 0.229776
0.0733455 0.229998
0.0734565 0.230219
0.0735676 0.230441
0.0736788 0.230662
0.0737901 0.230884
0.0739016 0.231106
0.0740131 0.231327
0.0741247 0.231549
0.0742365 0.231771
0.0743484 0.231993
0.0744603 0.232216
0.0745724 0.232438
0.0746846 0.23266
0.0747969 0.232883
0.0749093 0.233105
0.0750218 0.233328
0.0751344 0.23355
0.0752471 0.233773
0.0753599 0.233996
0.0754729 0.234219
0.0755859 0.234442
0.0756991 0.234665
0.0758123 0.234888
0.0759257 0.235111
0.0760391 0.235334
0.0761527 0.235557
0.0762664 0.235781
0.0763802 0.236004
0.0764941 0.236228
0.0766081 0.236452
0.0767222 0.236675
0.0768365 0.236899
0.0769508 0.237123
0.0770652 0.237347
0.0771798 0.237571
0.0772945 0.237795
0.0774092 0.238019
0.0775241 0.238244
0.0776391 0.238468
0.0777542 0.238692
0.0778694 0.238917
0.0779847 0.239142
0.0781001 0.239366
0.0782156 0.239591
0.0783313 0.239816
0.078447 0.240041
0.0785628 0.240266
0.0786788 0.240491
0.0787949 0.240716
0.078911 0.240941
0.0790273 0.241166
0.0791437 0.241392
0.0792602 0.241617
0.0793768 0.241843
0.0794936 0.242068
0.0796104 0.242294
0.0797273 0.24252
0.0798444 0.242746
0.0799615 0.242971
0.0800788 0.243197
0.0801962 0.243423
0.0803136 0.24365
0.0804312 0.243876
0.0805489 0.244102
0.0806667 0.244328
0.0807847 0.244555
0.0809027 0.244781
0.0810208 0.245008
0.0811391 0.245235
0.0812574 0.245461
0.0813759 0.245688
0.0814945 0.245915
0.0816132 0.246142
0.081732 0.246369
0.0818509 0.246596
0.0819699 0.246823
0.082089 0.247051
0.0822082 0.247278
0.0823276 0.247506
0.082447 0.247733
0.0825666 0.247961
0.0826863 0.248188
0.082806 0.248416
0.0829259 0.248644
0.0830459 0.248872
0.083166 0.2491
0.0832863 0.249328
0.0834066 0.249556
0.083527 0.249784
0.0836476 0.250012
0.0837683 0.250241
0.083889 0.250469
0.0840099 0.250697
0.0841309 0.250926
0.084252 0.251155
0.0843732 0.251383
0.0844945 0.251612
0.084616 0.251841
0.0847375 0.25207
0.0848592 0.252299
0.0849809 0.252528
0.0851028 0.252757
0.0852248 0.252986
0.0853469 0.253216
0.0854691 0.253445
0.0855914 0.253675
0.0857138 0.253904
0.0858364 0.254134
0.085959 0.254363
0.0860818 0.254593
0.0862047 0.254823
0.0863276 0.255053
0.0864507 0.255283
0.0865739 0.255513
0.0866973 0.255743
0.0868207 0.255973
0.0869442 0.256204
0.0870679 0.256434
0.0871916 0.256664
0.0873155 0.256895
0.0874395 0.257125
0.0875636 0.257356
0.0876878 0.257587
0.0878121 0.257817
0.0879365 0.258048
0.0880611 0.258279
0.0881857 0.25851
0.0883105 0.258741
0.0884354 0.258972
0.0885603 0.259204
0.0886854 0.259435
0.0888106 0.259666
0.088936 0.259898
0.0890614 0.260129
0.0891869 0.260361
0.0893126 0.260593
0.0894384 0.260824
0.0895642 0.261056
0.0896902 0.261288
0.0898163 0.26152
0.0899425 0.261752
0.0900689 0.261984
0.0901953 0.262216
0.0903219 0.262448
0.0904485 0.262681
0.0905753 0.262913
0.0907022 0.263146
0.0908292 0.263378
0.0909563 0.263611
0.0910835 0.263843
0.0912108 0.264076
0.0913383 0.264309
0.0914658 0.264542
0.0915935 0.264775
0.0917213 0.265008
0.0918492 0.265241
0.0919772 0.265474
0.0921053 0.265707
0.0922336 0.265941
0.0923619 0.266174
0.0924904 0.266408
0.0926189 0.266641
0.0927476 0.266875
0.0928764 0.267108
0.0930053 0.267342
0.0931344 0.267576
0.0932635 0.26781
0.0933927 0.268044
0.0935221 0.268278
0.0936516 0.268512
0.0937812 0.268746
0.0939109 0.26898
0.0940407 0.269215
0.0941706 0.269449
0.0943006 0.269684
0.0944308 0.269918
0.0945611 0.270153
0.0946914 0.270387
0.0948219 0.270622
0.0949525 0.270857
0.0950833 0.271092
0.0952141 0.271327
0.095345 0.271562
0.0954761 0.271797
0.0956073 0.272032
0.0957385 0.272267
0.0958699 0.272502
0.0960015 0.272738
0.0961331 0.272973
0.0962648 0.273209
0.0963967 0.273444
0.0965286 0.27368
0.0966607 0.273916
0.0967929 0.274152
0.0969252 0.274387
0.0970576 0.274623
0.0971902 0.274859
0.0973228 0.275095
0.0974556 0.275331
0.0975885 0.275568
0.0977215 0.275804
0.0978546 0.27604
0.0979878 0.276277
0.0981211 0.276513
0.0982546 0.27675
0.0983881 0.276986
0.0985218 0.277223
0.0986556 0.27746
0.0987895 0.277697
0.0989235 0.277934
0.0990577 0.27817
0.0991919 0.278408
0.0993263 0.278645
0.0994607 0.278882
0.0995953 0.279119
0.09973 0.279356
0.0998649 0.279594
0.0999998 0.279831
0.100135 0.280069
0.10027 0.280306
0.100405 0.280544
0.100541 0.280782
0.100676 0.281019
0.100812 0.281257
0.100948 0.281495
0.101083 0.281733
0.101219 0.281971
0.101355 0.282209
0.101492 0.282447
0.101628 0.282686
0.101764 0.282924
0.101901 0.283162
0.102038 0.283401
0.102174 0.283639
0.102311 0.283878
0.102448 0.284117
0.102585 0.284355
0.102723 0.284594
0.10286 0.284833
0.102997 0.285072
0.103135 0.285311
0.103273 0.28555
0.10341 0.285789
0.103548 0.286028
0.103686 0.286268
0.103825 0.286507
0.103963 0.286746
0.104101 0.286986
0.10424 0.287225
0.104378 0.287465
0.104517 0.287705
0.104656 0.287944
0.104795 0.288184
0.104934 0.288424
0.105073 0.288664
0.105212 0.288904
0.105352 0.289144
0.105491 0.289384
0.105631 0.289624
0.105771 0.289865
0.105911 0.290105
0.106051 0.290345
0.106191 0.290586
0.106331 0.290826
0.106471 0.291067
0.106612 0.291307
0.106753 0.291548
0.106893 0.291789
0.107034 0.29203
0.107175 0.292271
0.107316 0.292512
0.107457 0.292753
0.107598 0.292994
0.10774 0.293235
0.107881 0.293476
0.108023 0.293718
0.108165 0.293959
0.108307 0.2942
0.108449 0.294442
0.108591 0.294683
0.108733 0.294925
0.108875 0.295167
0.109018 0.295409
0.10916 0.29565
0.109303 0.295892
0.109446 0.296134
0.109589 0.296376
0.109732 0.296618
0.109875 0.29686
0.110018 0.297103
0.110161 0.297345
0.110305 0.297587
0.110449 0.29783
0.110592 0.298072
0.110736 0.298315
0.11088 0.298557
0.111024 0.2988
0.111168 0.299043
0.111313 0.299285
0.111457 0.299528
0.111602 0.299771
0.111746 0.300014
0.111891 0.300257
0.112036 0.3005
0.112181 0.300743
0.112326 0.300987
0.112472 0.30123
0.112617 0.301473
0.112762 0.301717
0.112908 0.30196
0.113054 0.302204
0.1132 0.302447
0.113346 0.302691
0.113492 0.302935
0.113638 0.303179
0.113784 0.303422
0.113931 0.303666
0.114077 0.30391
0.114224 0.304154
0.114371 0.304398
0.114517 0.304643
0.114664 0.304887
0.114812 0.305131
0.114959 0.305376
0.115106 0.30562
0.115254 0.305864
0.115401 0.306109
0.115549 0.306354
0.115697 0.306598
0.115845 0.306843
0.115993 0.307088
0.116141 0.307333
0.116289 0.307578
0.116438 0.307823
0.116586 0.308068
0.116735 0.308313
0.116884 0.308558
0.117033 0.308803
0.117182 0.309048
0.117331 0.309294
0.11748 0.309539
0.11763 0.309785
0.117779 0.31003
0.117929 0.310276
0.118078 0.310521
0.118228 0.310767
0.118378 0.311013
0.118528 0.311259
0.118679 0.311505
0.118829 0.311751
0.118979 0.311997
0.11913 0.312243
0.119281 0.312489
0.119431 0.312735
0.119582 0.312981
0.119733 0.313228
0.119885 0.313474
0.120036 0.31372
0.120187 0.313967
0.120339 0.314214
0.12049 0.31446
0.120642 0.314707
0.120794 0.314954
0.120946 0.3152
0.121098 0.315447
0.12125 0.315694
0.121403 0.315941
0.121555 0.316188
0.121708 0.316435
0.12186 0.316682
0.122013 0.31693
0.122166 0.317177
0.122319 0.317424
0.122473 0.317672
0.122626 0.317919
0.122779 0.318167
0.122933 0.318414
0.123086 0.318662
0.12324 0.31891
0.123394 0.319157
0.123548 0.319405
0.123702 0.319653
0.123857 0.319901
0.124011 0.320149
0.124165 0.320397
0.12432 0.320645
0.124475 0.320893
0.12463 0.321142
0.124785 0.32139
0.12494 0.321638
0.125095 0.321887
0.12525 0.322135
0.125406 0.322384
0.125561 0.322632
0.125717 0.322881
0.125873 0.323129
0.126029 0.323378
0.126185 0.323627
0.126341 0.323876
0.126497 0.324125
0.126654 0.324374
0.12681 0.324623
0.126967 0.324872
0.127124 0.325121
0.127281 0.32537
0.127438 0.32562
0.127595 0.325869
0.127752 0.326118
0.127909 0.326368
0.128067 0.326617
0.128225 0.326867
0.128382 0.327116
0.12854 0.327366
0.128698 0.327616
0.128856 0.327866
0.129014 0.328116
0.129173 0.328365
0.129331 0.328615
0.12949 0.328865
0.129649 0.329116
0.129807 0.329366
0.129966 0.329616
0.130125 0.329866
0.130285 0.330116
0.130444 0.330367
0.130603 0.330617
0.130763 0.330868
0.130923 0.331118
0.131082 0.331369
0.131242 0.331619
0.131402 0.33187
0.131562 0.332121
0.131723 0.332372
0.131883 0.332622
0.132044 0.332873
0.132204 0.333124
0.132365 0.333375
0.132526 0.333627
0.132687 0.333878
0.132848 0.334129
0.133009 0.33438
0.133171 0.334631
0.133332 0.334883
0.133494 0.335134
0.133655 0.335386
0.133817 0.335637
0.133979 0.335889
0.134141 0.33614
0.134304 0.336392
0.134466 0.336644
0.134628 0.336896
0.134791 0.337148
0.134954 0.337399
0.135117 0.337651
0.135279 0.337903
0.135443 0.338156
0.135606 0.338408
0.135769 0.33866
0.135932 0.338912
0.136096 0.339164
0.13626 0.339417
0.136423 0.339669
0.136587 0.339922
0.136751 0.340174
0.136916 0.340427
0.13708 0.340679
0.137244 0.340932
0.137409 0.341185
0.137573 0.341438
0.137738 0.34169
0.137903 0.341943
0.138068 0.342196
0.138233 0.342449
0.138399 0.342702
0.138564 0.342955
0.138729 0.343209
0.138895 0.343462
0.139061 0.343715
0.139227 0.343968
0.139393 0.344222
0.139559 0.344475
0.139725 0.344729
0.139891 0.344982
0.140058 0.345236
0.140224 0.345489
0.140391 0.345743
0.140558 0.345997
0.140725 0.346251
0.140892 0.346505
0.141059 0.346758
0.141227 0.347012
0.141394 0.347266
0.141562 0.34752
0.141729 0.347775
0.141897 0.348029
0.142065 0.348283
0.142233 0.348537
0.142401 0.348792
0.14257 0.349046
0.142738 0.3493
0.142907 0.349555
0.143075 0.349809
0.143244 0.350064
0.143413 0.350319
0.143582 0.350573
0.143751 0.350828
0.143921 0.351083
0.14409 0.351338
0.14426 0.351593
0.144429 0.351847
0.144599 0.352102
0.144769 0.352358
0.144939 0.352613
0.145109 0.352868
0.14528 0.353123
0.14545 0.353378
0.145621 0.353634
0.145791 0.353889
0.145962 0.354144
0.146133 0.3544
0.146304 0.354655
0.146475 0.354911
0.146646 0.355166
0.146818 0.355422
0.146989 0.355678
0.147161 0.355934
0.147333 0.356189
0.147504 0.356445
0.147677 0.356701
0.147849 0.356957
0.148021 0.357213
0.148193 0.357469
0.148366 0.357725
0.148538 0.357982
0.148711 0.358238
0.148884 0.358494
0.149057 0.35875
0.14923 0.359007
0.149403 0.359263
0.149577 0.35952
0.14975 0.359776
0.149924 0.360033
0.150098 0.360289
0.150272 0.360546
0.150446 0.360803
0.15062 0.361059
0.150794 0.361316
0.150968 0.361573
0.151143 0.36183
0.151317 0.362087
0.151492 0.362344
0.151667 0.362601
0.151842 0.362858
0.152017 0.363115
0.152192 0.363372
0.152368 0.36363
0.152543 0.363887
0.152719 0.364144
0.152894 0.364402
0.15307 0.364659
0.153246 0.364917
0.153422 0.365174
0.153599 0.365432
0.153775 0.365689
0.153951 0.365947
0.154128 0.366205
0.154305 0.366463
0.154482 0.36672
0.154658 0.366978
0.154836 0.367236
0.155013 0.367494
0.15519 0.367752
0.155368 0.36801
0.155545 0.368268
0.155723 0.368527
0.155901 0.368785
0.156079 0.369043
0.156257 0.369301
0.156435 0.36956
0.156613 0.369818
0.156792 0.370077
0.15697 0.370335
0.157149 0.370594
0.157328 0.370852
0.157507 0.371111
0.157686 0.37137
0.157865 0.371628
0.158045 0.371887
0.158224 0.372146
0.158404 0.372405
0.158583 0.372664
0.158763 0.372923
0.158943 0.373182
0.159123 0.373441
0.159303 0.3737
0.159484 0.373959
0.159664 0.374218
0.159845 0.374477
0.160025 0.374737
0.160206 0.374996
0.160387 0.375255
0.160568 0.375515
0.16075 0.375774
0.160931 0.376034
0.161112 0.376293
0.161294 0.376553
0.161476 0.376813
0.161658 0.377072
0.161839 0.377332
0.162022 0.377592
0.162204 0.377852
0.162386 0.378112
0.162569 0.378372
0.162751 0.378632
0.162934 0.378892
0.163117 0.379152
0.1633 0.379412
0.163483 0.379672
0.163666 0.379932
0.163849 0.380192
0.164033 0.380453
0.164216 0.380713
0.1644 0.380973
0.164584 0.381234
0.164768 0.381494
0.164952 0.381755
0.165136 0.382015
0.165321 0.382276
0.165505 0.382537
0.16569 0.382797
0.165874 0.383058
0.166059 0.383319
0.166244 0.38358
0.166429 0.383841
0.166615 0.384102
0.1668 0.384362
0.166985 0.384623
0.167171 0.384885
0.167357 0.385146
0.167543 0.385407
0.167729 0.385668
0.167915 0.385929
0.168101 0.38619
0.168287 0.386452
0.168474 0.386713
0.16866 0.386974
0.168847 0.387236
0.169034 0.387497
0.169221 0.387759
0.169408 0.38802
0.169595 0.388282
0.169783 0.388544
0.16997 0.388805
0.170158 0.389067
0.170346 0.389329
0.170533 0.389591
0.170721 0.389853
0.17091 0.390115
0.171098 0.390376
0.171286 0.390638
0.171475 0.390901
0.171663 0.391163
0.171852 0.391425
0.172041 0.391687
0.17223 0.391949
0.172419 0.392211
0.172608 0.392474
0.172798 0.392736
0.172987 0.392998
0.173177 0.393261
0.173367 0.393523
0.173557 0.393786
0.173747 0.394048
0.173937 0.394311
0.174127 0.394573
0.174318 0.394836
0.174508 0.395099
0.174699 0.395362
0.17489 0.395624
0.17508 0.395887
0.175272 0.39615
0.175463 0.396413
0.175654 0.396676
0.175845 0.396939
0.176037 0.397202
0.176229 0.397465
0.17642 0.397728
0.176612 0.397991
0.176804 0.398255
0.176997 0.398518
0.177189 0.398781
0.177381 0.399044
0.177574 0.399308
0.177767 0.399571
0.177959 0.399835
0.178152 0.400098
0.178345 0.400362
0.178539 0.400625
0.178732 0.400889
0.178925 0.401152
0.179119 0.401416
0.179313 0.40168
0.179507 0.401944
0.1797 0.402207
0.179895 0.402471
0.180089 0.402735
0.180283 0.402999
0.180478 0.403263
0.180672 0.403527
0.180867 0.403791
0.181062 0.404055
0.181257 0.404319
0.181452 0.404583
0.181647 0.404848
0.181842 0.405112
0.182038 0.405376
0.182234 0.40564
0.182429 0.405905
0.182625 0.406169
0.182821 0.406434
0.183017 0.406698
0.183214 0.406963
0.18341 0.407227
0.183606 0.407492
0.183803 0.407756
0.184 0.408021
0.184197 0.408286
0.184394 0.40855
0.184591 0.408815
0.184788 0.40908
0.184986 0.409345
0.185183 0.40961
0.185381 0.409875
0.185579 0.41014
0.185777 0.410405
0.185975 0.41067
0.186173 0.410935
0.186371 0.4112
0.186569 0.411465
0.186768 0.41173
0.186967 0.411995
0.187166 0.412261
0.187364 0.412526
0.187564 0.412791
0.187763 0.413057
0.187962 0.413322
0.188161 0.413588
0.188361 0.413853
0.188561 0.414119
0.188761 0.414384
0.188961 0.41465
0.189161 0.414915
0.189361 0.415181
0.189561 0.415447
0.189762 0.415713
0.189962 0.415978
0.190163 0.416244
0.190364 0.41651
0.190565 0.416776
0.190766 0.417042
0.190967 0.417308
0.191169 0.417574
0.19137 0.41784
0.191572 0.418106
0.191774 0.418372
0.191975 0.418638
0.192177 0.418904
0.19238 0.419171
0.192582 0.419437
0.192784 0.419703
0.192987 0.41997
0.193189 0.420236
0.193392 0.420502
0.193595 0.420769
0.193798 0.421035
0.194001 0.421302
0.194205 0.421568
0.194408 0.421835
0.194612 0.422101
0.194815 0.422368
0.195019 0.422635
0.195223 0.422901
0.195427 0.423168
0.195631 0.423435
0.195836 0.423702
0.19604 0.423969
0.196245 0.424236
0.196449 0.424503
0.196654 0.424769
0.196859 0.425036
0.197064 0.425303
0.19727 0.425571
0.197475 0.425838
0.19768 0.426105
0.197886 0.426372
0.198092 0.426639
0.198298 0.426906
0.198504 0.427174
0.19871 0.427441
0.198916 0.427708
0.199123 0.427976
0.199329 0.428243
0.199536 0.42851
0.199742 0.428778
0.199949 0.429045
0.200156 0.429313
0.200364 0.429581
0.200571 0.429848
0.200778 0.430116
0.200986 0.430383
0.201194 0.430651
0.201401 0.430919
0.201609 0.431187
0.201817 0.431454
0.202026 0.431722
0.202234 0.43199
0.202442 0.432258
0.202651 0.432526
0.20286 0.432794
0.203068 0.433062
0.203277 0.43333
0.203487 0.433598
0.203696 0.433866
0.203905 0.434134
0.204115 0.434402
0.204324 0.434671
0.204534 0.434939
0.204744 0.435207
0.204954 0.435475
0.205164 0.435744
0.205374 0.436012
0.205585 0.43628
0.205795 0.436549
0.206006 0.436817
0.206217 0.437086
0.206428 0.437354
0.206639 0.437623
0.20685 0.437891
0.207061 0.43816
0.207273 0.438429
0.207484 0.438697
0.207696 0.438966
0.207908 0.439235
0.20812 0.439504
0.208332 0.439772
0.208544 0.440041
0.208756 0.44031
0.208969 0.440579
0.209181 0.440848
0.209394 0.441117
0.209607 0.441386
0.20982 0.441655
0.210033 0.441924
0.210246 0.442193
0.21046 0.442462
0.210673 0.442731
0.210887 0.443
0.211101 0.443269
0.211314 0.443539
0.211528 0.443808
0.211743 0.444077
0.211957 0.444347
0.212171 0.444616
0.212386 0.444885
0.212601 0.445155
0.212815 0.445424
0.21303 0.445694
0.213245 0.445963
0.213461 0.446233
0.213676 0.446502
0.213891 0.446772
0.214107 0.447041
0.214323 0.447311
0.214539 0.447581
0.214755 0.44785
0.214971 0.44812
0.215187 0.44839
0.215403 0.44866
0.21562 0.448929
0.215836 0.449199
0.216053 0.449469
0.21627 0.449739
0.216487 0.450009
0.216704 0.450279
0.216921 0.450549
0.217139 0.450819
0.217356 0.451089
0.217574 0.451359
0.217792 0.451629
0.21801 0.451899
0.218228 0.452169
0.218446 0.45244
0.218664 0.45271
0.218883 0.45298
0.219101 0.45325
0.21932 0.453521
0.219539 0.453791
0.219758 0.454061
0.219977 0.454332
0.220196 0.454602
0.220416 0.454872
0.220635 0.455143
0.220855 0.455413
0.221075 0.455684
0.221294 0.455954
0.221514 0.456225
0.221735 0.456496
0.221955 0.456766
0.222175 0.457037
0.222396 0.457308
0.222617 0.457578
0.222837 0.457849
0.223058 0.45812
0.223279 0.458391
0.223501 0.458661
0.223722 0.458932
0.223943 0.459203
0.224165 0.459474
0.224387 0.459745
0.224608 0.460016
0.22483 0.460287
0.225053 0.460558
0.225275 0.460829
0.225497 0.4611
0.22572 0.461371
0.225942 0.461642
0.226165 0.461913
0.226388 0.462184
0.226611 0.462455
0.226834 0.462727
0.227057 0.462998
0.227281 0.463269
0.227504 0.46354
0.227728 0.463812
0.227952 0.464083
0.228176 0.464354
0.2284 0.464626
0.228624 0.464897
0.228848 0.465169
0.229073 0.46544
0.229297 0.465712
0.229522 0.465983
0.229747 0.466255
0.229972 0.466526
0.230197 0.466798
0.230422 0.467069
0.230648 0.467341
0.230873 0.467613
0.231099 0.467884
0.231325 0.468156
0.231551 0.468428
0.231777 0.4687
0.232003 0.468971
0.232229 0.469243
0.232456 0.469515
0.232682 0.469787
0.232909 0.470059
0.233136 0.470331
0.233363 0.470603
0.23359 0.470874
0.233817 0.471146
0.234044 0.471418
0.234272 0.47169
0.234499 0.471962
0.234727 0.472235
0.234955 0.472507
0.235183 0.472779
0.235411 0.473051
0.235639 0.473323
0.235868 0.473595
0.236096 0.473867
0.236325 0.47414
0.236554 0.474412
0.236783 0.474684
0.237012 0.474956
0.237241 0.475229
0.23747 0.475501
0.2377 0.475773
0.237929 0.476046
0.238159 0.476318
0.238389 0.476591
0.238619 0.476863
0.238849 0.477136
0.239079 0.477408
0.239309 0.477681
0.23954 0.477953
0.239771 0.478226
0.240001 0.478498
0.240232 0.478771
0.240463 0.479044
0.240694 0.479316
0.240926 0.479589
0.241157 0.479862
0.241389 0.480134
0.24162 0.480407
0.241852 0.48068
0.242084 0.480953
0.242316 0.481225
0.242548 0.481498
0.242781 0.481771
0.243013 0.482044
0.243246 0.482317
0.243479 0.48259
0.243711 0.482863
0.243944 0.483136
0.244178 0.483409
0.244411 0.483682
0.244644 0.483955
0.244878 0.484228
0.245111 0.484501
0.245345 0.484774
0.245579 0.485047
0.245813 0.48532
0.246047 0.485593
0.246282 0.485866
0.246516 0.486139
0.246751 0.486413
0.246985 0.486686
0.24722 0.486959
0.247455 0.487232
0.24769 0.487506
0.247926 0.487779
0.248161 0.488052
0.248396 0.488326
0.248632 0.488599
0.248868 0.488872
0.249104 0.489146
0.24934 0.489419
0.249576 0.489693
0.249812 0.489966
0.250049 0.490239
0.250285 0.490513
0.250522 0.490786
0.250759 0.49106
0.250996 0.491334
0.251233 0.491607
0.25147 0.491881
0.251707 0.492154
0.251945 0.492428
0.252182 0.492702
0.25242 0.492975
0.252658 0.493249
0.252896 0.493523
0.253134 0.493796
0.253373 0.49407
0.253611 0.494344
0.253849 0.494618
0.254088 0.494891
0.254327 0.495165
0.254566 0.495439
0.254805 0.495713
0.255044 0.495987
0.255283 0.496261
0.255523 0.496535
0.255763 0.496808
0.256002 0.497082
0.256242 0.497356
0.256482 0.49763
0.256722 0.497904
0.256962 0.498178
0.257203 0.498452
0.257443 0.498726
0.257684 0.499
0.257925 0.499275
0.258166 0.499549
0.258407 0.499823
0.258648 0.500097
0.258889 0.500371
0.259131 0.500645
0.259372 0.500919
0.259614 0.501194
0.259856 0.501468
0.260098 0.501742
0.26034 0.502016
0.260582 0.50229
0.260825 0.502565
0.261067 0.502839
0.26131 0.503113
0.261552 0.503388
0.261795 0.503662
0.262038 0.503936
0.262282 0.504211
0.262525 0.504485
0.262768 0.50476
0.263012 0.505034
0.263256 0.505308
0.263499 0.505583
0.263743 0.505857
0.263987 0.506132
0.264232 0.506406
0.264476 0.506681
0.264721 0.506955
0.264965 0.50723
0.26521 0.507504
0.265455 0.507779
0.2657 0.508054
0.265945 0.508328
0.26619 0.508603
0.266436 0.508878
0.266681 0.509152
0.266927 0.509427
0.267173 0.509702
0.267419 0.509976
0.267665 0.510251
0.267911 0.510526
0.268157 0.5108
0.268404 0.511075
0.26865 0.51135
0.268897 0.511625
0.269144 0.511899
0.269391 0.512174
0.269638 0.512449
0.269885 0.512724
0.270133 0.512999
0.27038 0.513274
0.270628 0.513549
0.270876 0.513823
0.271124 0.514098
0.271372 0.514373
0.27162 0.514648
0.271868 0.514923
0.272117 0.515198
0.272365 0.515473
0.272614 0.515748
0.272863 0.516023
0.273112 0.516298
0.273361 0.516573
0.27361 0.516848
0.27386 0.517123
0.274109 0.517398
0.274359 0.517673
0.274609 0.517949
0.274859 0.518224
0.275109 0.518499
0.275359 0.518774
0.275609 0.519049
0.27586 0.519324
0.27611 0.519599
0.276361 0.519875
0.276612 0.52015
0.276863 0.520425
0.277114 0.5207
0.277365 0.520975
0.277617 0.521251
0.277868 0.521526
0.27812 0.521801
0.278372 0.522076
0.278624 0.522352
0.278876 0.522627
0.279128 0.522902
0.27938 0.523178
0.279633 0.523453
0.279885 0.523728
0.280138 0.524004
0.280391 0.524279
0.280644 0.524554
0.280897 0.52483
0.28115 0.525105
0.281403 0.525381
0.281657 0.525656
0.281911 0.525932
0.282164 0.526207
0.282418 0.526482
0.282672 0.526758
0.282926 0.527033
0.283181 0.527309
0.283435 0.527584
0.28369 0.52786
0.283944 0.528135
0.284199 0.528411
0.284454 0.528687
0.284709 0.528962
0.284965 0.529238
0.28522 0.529513
0.285476 0.529789
0.285731 0.530064
0.285987 0.53034
0.286243 0.530616
0.286499 0.530891
0.286755 0.531167
0.287011 0.531443
0.287268 0.531718
0.287524 0.531994
0.287781 0.53227
0.288038 0.532545
0.288295 0.532821
0.288552 0.533097
0.288809 0.533372
0.289067 0.533648
0.289324 0.533924
0.289582 0.5342
0.289839 0.534475
0.290097 0.534751
0.290355 0.535027
0.290614 0.535303
0.290872 0.535578
0.29113 0.535854
0.291389 0.53613
0.291648 0.536406
0.291906 0.536682
0.292165 0.536957
0.292424 0.537233
0.292684 0.537509
0.292943 0.537785
0.293202 0.538061
0.293462 0.538337
0.293722 0.538613
0.293982 0.538888
0.294242 0.539164
0.294502 0.53944
0.294762 0.539716
0.295023 0.539992
0.295283 0.540268
0.295544 0.540544
0.295805 0.54082
0.296066 0.541096
0.296327 0.541372
0.296588 0.541648
0.296849 0.541924
0.297111 0.5422
0.297373 0.542476
0.297634 0.542752
0.297896 0.543028
0.298158 0.543304
0.29842 0.54358
0.298683 0.543856
0.298945 0.544132
0.299208 0.544408
0.29947 0.544684
0.299733 0.54496
0.299996 0.545236
0.300259 0.545512
0.300522 0.545788
0.300786 0.546064
0.301049 0.54634
0.301313 0.546616
0.301577 0.546892
0.301841 0.547168
0.302105 0.547444
0.302369 0.547721
0.302633 0.547997
0.302897 0.548273
0.303162 0.548549
0.303427 0.548825
0.303691 0.549101
0.303956 0.549377
0.304222 0.549654
0.304487 0.54993
0.304752 0.550206
0.305018 0.550482
0.305283 0.550758
0.305549 0.551034
0.305815 0.55131
0.306081 0.551587
0.306347 0.551863
0.306613 0.552139
0.30688 0.552415
0.307146 0.552691
0.307413 0.552968
0.30768 0.553244
0.307947 0.55352
0.308214 0.553796
0.308481 0.554073
0.308748 0.554349
0.309016 0.554625
0.309283 0.554901
0.309551 0.555177
0.309819 0.555454
0.310087 0.55573
0.310355 0.556006
0.310624 0.556282
0.310892 0.556559
0.311161 0.556835
0.311429 0.557111
0.311698 0.557388
0.311967 0.557664
0.312236 0.55794
0.312505 0.558216
0.312775 0.558493
0.313044 0.558769
0.313314 0.559045
0.313584 0.559322
0.313853 0.559598
0.314123 0.559874
0.314394 0.56015
0.314664 0.560427
0.314934 0.560703
0.315205 0.560979
0.315476 0.561256
0.315746 0.561532
0.316017 0.561808
0.316288 0.562085
0.31656 0.562361
0.316831 0.562637
0.317102 0.562914
0.317374 0.56319
0.317646 0.563466
0.317918 0.563743
0.31819 0.564019
0.318462 0.564295
0.318734 0.564572
0.319007 0.564848
0.319279 0.565124
0.319552 0.565401
0.319825 0.565677
0.320098 0.565953
0.320371 0.56623
0.320644 0.566506
0.320917 0.566783
0.321191 0.567059
0.321464 0.567335
0.321738 0.567612
0.322012 0.567888
0.322286 0.568164
0.32256 0.568441
0.322834 0.568717
0.323109 0.568993
0.323383 0.56927
0.323658 0.569546
0.323933 0.569823
0.324208 0.570099
0.324483 0.570375
0.324758 0.570652
0.325033 0.570928
0.325309 0.571204
0.325585 0.571481
0.32586 0.571757
0.326136 0.572034
0.326412 0.57231
0.326688 0.572586
0.326965 0.572863
0.327241 0.573139
0.327518 0.573415
0.327794 0.573692
0.328071 0.573968
0.328348 0.574245
0.328625 0.574521
0.328902 0.574797
0.32918 0.575074
0.329457 0.57535
0.329735 0.575626
0.330013 0.575903
0.33029 0.576179
0.330568 0.576456
0.330847 0.576732
0.331125 0.577008
0.331403 0.577285
0.331682 0.577561
0.331961 0.577837
0.332239 0.578114
0.332518 0.57839
0.332797 0.578667
0.333077 0.578943
0.333356 0.579219
0.333635 0.579496
0.333915 0.579772
0.334195 0.580048
0.334475 0.580325
0.334755 0.580601
0.335035 0.580877
0.335315 0.581154
0.335596 0.58143
0.335876 0.581706
0.336157 0.581983
0.336438 0.582259
0.336719 0.582535
0.337 0.582812
0.337281 0.583088
0.337562 0.583364
0.337844 0.583641
0.338125 0.583917
0.338407 0.584193
0.338689 0.58447
0.338971 0.584746
0.339253 0.585022
0.339535 0.585299
0.339818 0.585575
0.3401 0.585851
0.340383 0.586128
0.340666 0.586404
0.340949 0.58668
0.341232 0.586957
0.341515 0.587233
0.341798 0.587509
0.342082 0.587785
0.342366 0.588062
0.342649 0.588338
0.342933 0.588614
0.343217 0.58889
0.343501 0.589167
0.343786 0.589443
0.34407 0.589719
0.344355 0.589996
0.344639 0.590272
0.344924 0.590548
0.345209 0.590824
0.345494 0.591101
0.345779 0.591377
0.346065 0.591653
0.34635 0.591929
0.346636 0.592205
0.346922 0.592482
0.347207 0.592758
0.347493 0.593034
0.34778 0.59331
0.348066 0.593586
0.348352 0.593863
0.348639 0.594139
0.348925 0.594415
0.349212 0.594691
0.349499 0.594967
0.349786 0.595244
0.350074 0.59552
0.350361 0.595796
0.350648 0.596072
0.350936 0.596348
0.351224 0.596624
0.351512 0.5969
0.3518 0.597177
0.352088 0.597453
0.352376 0.597729
0.352664 0.598005
0.352953 0.598281
0.353242 0.598557
0.35353 0.598833
0.353819 0.599109
0.354108 0.599385
0.354398 0.599662
0.354687 0.599938
0.354977 0.600214
0.355266 0.60049
0.355556 0.600766
0.355846 0.601042
0.356136 0.601318
0.356426 0.601594
0.356716 0.60187
0.357007 0.602146
0.357297 0.602422
0.357588 0.602698
0.357879 0.602974
0.35817 0.60325
0.358461 0.603526
0.358752 0.603802
0.359043 0.604078
0.359335 0.604354
0.359626 0.60463
0.359918 0.604906
0.36021 0.605182
0.360502 0.605458
0.360794 0.605734
0.361086 0.606009
0.361379 0.606285
0.361671 0.606561
0.361964 0.606837
0.362257 0.607113
0.36255 0.607389
0.362843 0.607665
0.363136 0.607941
0.363429 0.608217
0.363723 0.608492
0.364016 0.608768
0.36431 0.609044
0.364604 0.60932
0.364898 0.609596
0.365192 0.609872
0.365486 0.610147
0.365781 0.610423
0.366075 0.610699
0.36637 0.610975
0.366665 0.61125
0.36696 0.611526
0.367255 0.611802
0.36755 0.612078
0.367845 0.612353
0.368141 0.612629
0.368436 0.612905
0.368732 0.61318
0.369028 0.613456
0.369324 0.613732
0.36962 0.614008
0.369916 0.614283
0.370213 0.614559
0.370509 0.614834
0.370806 0.61511
0.371103 0.615386
0.3714 0.615661
0.371697 0.615937
0.371994 0.616213
0.372291 0.616488
0.372589 0.616764
0.372886 0.617039
0.373184 0.617315
0.373482 0.61759
0.37378 0.617866
0.374078 0.618141
0.374376 0.618417
0.374675 0.618692
0.374973 0.618968
0.375272 0.619243
0.375571 0.619519
0.37587 0.619794
0.376169 0.62007
0.376468 0.620345
0.376767 0.620621
0.377067 0.620896
0.377366 0.621171
0.377666 0.621447
0.377966 0.621722
0.378266 0.621998
0.378566 0.622273
0.378866 0.622548
0.379167 0.622824
0.379467 0.623099
0.379768 0.623374
0.380069 0.623649
0.380369 0.623925
0.38067 0.6242
0.380972 0.624475
0.381273 0.624751
0.381574 0.625026
0.381876 0.625301
0.382178 0.625576
0.38248 0.625851
0.382782 0.626127
0.383084 0.626402
0.383386 0.626677
0.383688 0.626952
0.383991 0.627227
0.384293 0.627502
0.384596 0.627777
0.384899 0.628053
0.385202 0.628328
0.385505 0.628603
0.385809 0.628878
0.386112 0.629153
0.386416 0.629428
0.386719 0.629703
0.387023 0.629978
0.387327 0.630253
0.387631 0.630528
0.387935 0.630803
0.38824 0.631078
0.388544 0.631353
0.388849 0.631628
0.389154 0.631903
0.389459 0.632177
0.389764 0.632452
0.390069 0.632727
0.390374 0.633002
0.39068 0.633277
0.390985 0.633552
0.391291 0.633827
0.391597 0.634101
0.391903 0.634376
0.392209 0.634651
0.392515 0.634926
0.392821 0.6352
0.393128 0.635475
0.393434 0.63575
0.393741 0.636025
0.394048 0.636299
0.394355 0.636574
0.394662 0.636849
0.394969 0.637123
0.395277 0.637398
0.395584 0.637673
0.395892 0.637947
0.3962 0.638222
0.396508 0.638496
0.396816 0.638771
0.397124 0.639045
0.397432 0.63932
0.397741 0.639594
0.39805 0.639869
0.398358 0.640143
0.398667 0.640418
0.398976 0.640692
0.399285 0.640967
0.399595 0.641241
0.399904 0.641515
0.400214 0.64179
0.400523 0.642064
0.400833 0.642339
0.401143 0.642613
0.401453 0.642887
0.401763 0.643162
0.402074 0.643436
0.402384 0.64371
0.402695 0.643984
0.403005 0.644259
0.403316 0.644533
0.403627 0.644807
0.403938 0.645081
0.40425 0.645355
0.404561 0.645629
0.404872 0.645904
0.405184 0.646178
0.405496 0.646452
0.405808 0.646726
0.40612 0.647
0.406432 0.647274
0.406744 0.647548
0.407057 0.647822
0.407369 0.648096
0.407682 0.64837
0.407995 0.648644
0.408308 0.648918
0.408621 0.649192
0.408934 0.649466
0.409248 0.64974
0.409561 0.650014
0.409875 0.650287
0.410188 0.650561
0.410502 0.650835
0.410816 0.651109
0.411131 0.651383
0.411445 0.651656
0.411759 0.65193
0.412074 0.652204
0.412389 0.652478
0.412703 0.652751
0.413018 0.653025
0.413333 0.653299
0.413649 0.653572
0.413964 0.653846
0.414279 0.654119
0.414595 0.654393
0.414911 0.654667
0.415227 0.65494
0.415543 0.655214
0.415859 0.655487
0.416175 0.655761
0.416492 0.656034
0.416808 0.656307
0.417125 0.656581
0.417442 0.656854
0.417758 0.657128
0.418076 0.657401
0.418393 0.657674
0.41871 0.657948
0.419028 0.658221
0.419345 0.658494
0.419663 0.658768
0.419981 0.659041
0.420299 0.659314
0.420617 0.659587
0.420935 0.65986
0.421253 0.660134
0.421572 0.660407
0.421891 0.66068
0.422209 0.660953
0.422528 0.661226
0.422847 0.661499
0.423167 0.661772
0.423486 0.662045
0.423805 0.662318
0.424125 0.662591
0.424445 0.662864
0.424764 0.663137
0.425084 0.66341
0.425404 0.663683
0.425725 0.663956
0.426045 0.664229
0.426366 0.664501
0.426686 0.664774
0.427007 0.665047
0.427328 0.66532
0.427649 0.665593
0.42797 0.665865
0.428291 0.666138
0.428613 0.666411
0.428934 0.666683
0.429256 0.666956
0.429578 0.667229
0.4299 0.667501
0.430222 0.667774
0.430544 0.668046
0.430866 0.668319
0.431189 0.668591
0.431511 0.668864
0.431834 0.669136
0.432157 0.669409
0.43248 0.669681
0.432803 0.669954
0.433126 0.670226
0.43345 0.670498
0.433773 0.670771
0.434097 0.671043
0.434421 0.671315
0.434744 0.671587
0.435068 0.67186
0.435393 0.672132
0.435717 0.672404
0.436041 0.672676
0.436366 0.672948
0.436691 0.673221
0.437016 0.673493
0.43734 0.673765
0.437666 0.674037
0.437991 0.674309
0.438316 0.674581
0.438642 0.674853
0.438967 0.675125
0.439293 0.675397
0.439619 0.675669
0.439945 0.67594
0.440271 0.676212
0.440597 0.676484
0.440924 0.676756
0.44125 0.677028
0.441577 0.677299
0.441904 0.677571
0.442231 0.677843
0.442558 0.678115
0.442885 0.678386
0.443212 0.678658
0.44354 0.67893
0.443867 0.679201
0.444195 0.679473
0.444523 0.679744
0.444851 0.680016
0.445179 0.680287
0.445507 0.680559
0.445835 0.68083
0.446164 0.681102
0.446493 0.681373
0.446821 0.681644
0.44715 0.681916
0.447479 0.682187
0.447808 0.682458
0.448138 0.68273
0.448467 0.683001
0.448797 0.683272
0.449126 0.683543
0.449456 0.683814
0.449786 0.684085
0.450116 0.684357
0.450446 0.684628
0.450777 0.684899
0.451107 0.68517
0.451438 0.685441
0.451768 0.685712
0.452099 0.685983
0.45243 0.686254
0.452761 0.686525
0.453093 0.686795
0.453424 0.687066
0.453756 0.687337
0.454087 0.687608
0.454419 0.687879
0.454751 0.688149
0.455083 0.68842
0.455415 0.688691
0.455747 0.688961
0.45608 0.689232
0.456412 0.689503
0.456745 0.689773
0.457078 0.690044
0.457411 0.690314
0.457744 0.690585
0.458077 0.690855
0.45841 0.691126
0.458744 0.691396
0.459077 0.691667
0.459411 0.691937
0.459745 0.692207
0.460079 0.692478
0.460413 0.692748
0.460747 0.693018
0.461082 0.693288
0.461416 0.693559
0.461751 0.693829
0.462086 0.694099
0.462421 0.694369
0.462756 0.694639
0.463091 0.694909
0.463426 0.695179
0.463761 0.695449
0.464097 0.695719
0.464433 0.695989
0.464769 0.696259
0.465104 0.696529
0.465441 0.696799
0.465777 0.697068
0.466113 0.697338
0.46645 0.697608
0.466786 0.697878
0.467123 0.698147
0.46746 0.698417
0.467797 0.698687
0.468134 0.698956
0.468471 0.699226
0.468808 0.699496
0.469146 0.699765
0.469484 0.700035
0.469821 0.700304
0.470159 0.700574
0.470497 0.700843
0.470835 0.701112
0.471174 0.701382
0.471512 0.701651
0.471851 0.70192
0.472189 0.70219
0.472528 0.702459
0.472867 0.702728
0.473206 0.702997
0.473545 0.703266
0.473885 0.703535
0.474224 0.703804
0.474564 0.704074
0.474903 0.704343
0.475243 0.704612
0.475583 0.704881
0.475923 0.705149
0.476263 0.705418
0.476604 0.705687
0.476944 0.705956
0.477285 0.706225
0.477626 0.706494
0.477967 0.706762
0.478308 0.707031
0.478649 0.7073
0.47899 0.707568
0.479331 0.707837
0.479673 0.708106
0.480015 0.708374
0.480356 0.708643
0.480698 0.708911
0.48104 0.70918
0.481382 0.709448
0.481725 0.709716
0.482067 0.709985
0.48241 0.710253
0.482752 0.710522
0.483095 0.71079
0.483438 0.711058
0.483781 0.711326
0.484125 0.711594
0.484468 0.711863
0.484811 0.712131
0.485155 0.712399
0.485499 0.712667
0.485843 0.712935
0.486187 0.713203
0.486531 0.713471
0.486875 0.713739
0.487219 0.714006
0.487564 0.714274
0.487908 0.714542
0.488253 0.71481
0.488598 0.715078
0.488943 0.715345
0.489288 0.715613
0.489633 0.715881
0.489979 0.716148
0.490324 0.716416
0.49067 0.716683
0.491016 0.716951
0.491362 0.717218
0.491708 0.717486
0.492054 0.717753
0.4924 0.718021
0.492747 0.718288
0.493093 0.718555
0.49344 0.718823
0.493787 0.71909
0.494134 0.719357
0.494481 0.719624
0.494828 0.719891
0.495175 0.720159
0.495523 0.720426
0.495871 0.720693
0.496218 0.72096
0.496566 0.721227
0.496914 0.721494
0.497262 0.721761
0.49761 0.722027
0.497959 0.722294
0.498307 0.722561
0.498656 0.722828
0.499005 0.723095
0.499354 0.723361
0.499703 0.723628
0.500052 0.723894
0.500401 0.724161
0.50075 0.724428
0.5011 0.724694
0.50145 0.724961
0.501799 0.725227
0.502149 0.725493
0.502499 0.72576
0.50285 0.726026
0.5032 0.726293
0.50355 0.726559
0.503901 0.726825
0.504252 0.727091
0.504602 0.727357
0.504953 0.727624
0.505304 0.72789
0.505656 0.728156
0.506007 0.728422
0.506358 0.728688
0.50671 0.728954
0.507062 0.72922
0.507413 0.729485
0.507765 0.729751
0.508118 0.730017
0.50847 0.730283
0.508822 0.730549
0.509175 0.730814
0.509527 0.73108
0.50988 0.731345
0.510233 0.731611
0.510586 0.731877
0.510939 0.732142
0.511292 0.732408
0.511646 0.732673
0.511999 0.732938
0.512353 0.733204
0.512706 0.733469
0.51306 0.733734
0.513414 0.734
0.513769 0.734265
0.514123 0.73453
0.514477 0.734795
0.514832 0.73506
0.515186 0.735325
0.515541 0.73559
0.515896 0.735855
0.516251 0.73612
0.516606 0.736385
0.516962 0.73665
0.517317 0.736915
0.517673 0.73718
0.518028 0.737444
0.518384 0.737709
0.51874 0.737974
0.519096 0.738238
0.519452 0.738503
0.519809 0.738768
0.520165 0.739032
0.520522 0.739297
0.520878 0.739561
0.521235 0.739825
0.521592 0.74009
0.521949 0.740354
0.522306 0.740618
0.522664 0.740883
0.523021 0.741147
0.523379 0.741411
0.523737 0.741675
0.524094 0.741939
0.524452 0.742203
0.52481 0.742467
0.525169 0.742731
0.525527 0.742995
0.525886 0.743259
0.526244 0.743523
0.526603 0.743787
0.526962 0.744051
0.527321 0.744314
0.52768 0.744578
0.528039 0.744842
0.528399 0.745105
0.528758 0.745369
0.529118 0.745632
0.529477 0.745896
0.529837 0.746159
0.530197 0.746423
0.530557 0.746686
0.530918 0.74695
0.531278 0.747213
0.531639 0.747476
0.531999 0.747739
0.53236 0.748003
0.532721 0.748266
0.533082 0.748529
0.533443 0.748792
0.533804 0.749055
0.534166 0.749318
0.534527 0.749581
0.534889 0.749844
0.535251 0.750106
0.535613 0.750369
0.535975 0.750632
0.536337 0.750895
0.536699 0.751157
0.537062 0.75142
0.537424 0.751683
0.537787 0.751945
0.53815 0.752208
0.538513 0.75247
0.538876 0.752733
0.539239 0.752995
0.539602 0.753257
0.539966 0.75352
0.540329 0.753782
0.540693 0.754044
0.541057 0.754306
0.541421 0.754568
0.541785 0.754831
0.542149 0.755093
0.542513 0.755355
0.542878 0.755617
0.543242 0.755879
0.543607 0.75614
0.543972 0.756402
0.544337 0.756664
0.544702 0.756926
0.545067 0.757188
0.545432 0.757449
0.545798 0.757711
0.546163 0.757972
0.546529 0.758234
0.546895 0.758495
0.547261 0.758757
0.547627 0.759018
0.547993 0.75928
0.54836 0.759541
0.548726 0.759802
0.549093 0.760064
0.549459 0.760325
0.549826 0.760586
0.550193 0.760847
0.55056 0.761108
0.550927 0.761369
0.551295 0.76163
0.551662 0.761891
0.55203 0.762152
0.552398 0.762413
0.552765 0.762673
0.553133 0.762934
0.553502 0.763195
0.55387 0.763456
0.554238 0.763716
0.554607 0.763977
0.554975 0.764237
0.555344 0.764498
0.555713 0.764758
0.556082 0.765019
0.556451 0.765279
0.55682 0.765539
0.557189 0.7658
0.557559 0.76606
0.557929 0.76632
0.558298 0.76658
0.558668 0.76684
0.559038 0.7671
0.559408 0.76736
0.559779 0.76762
0.560149 0.76788
0.560519 0.76814
0.56089 0.7684
0.561261 0.76866
0.561632 0.768919
0.562003 0.769179
0.562374 0.769439
0.562745 0.769698
0.563116 0.769958
0.563488 0.770217
0.563859 0.770477
0.564231 0.770736
0.564603 0.770995
0.564975 0.771255
0.565347 0.771514
0.565719 0.771773
0.566092 0.772032
0.566464 0.772291
0.566837 0.772551
0.56721 0.77281
0.567582 0.773069
0.567955 0.773328
0.568329 0.773586
0.568702 0.773845
0.569075 0.774104
0.569449 0.774363
0.569822 0.774622
0.570196 0.77488
0.57057 0.775139
0.570944 0.775397
0.571318 0.775656
0.571692 0.775914
0.572067 0.776173
0.572441 0.776431
0.572816 0.776689
0.57319 0.776948
0.573565 0.777206
0.57394 0.777464
0.574315 0.777722
0.574691 0.77798
0.575066 0.778238
0.575442 0.778496
0.575817 0.778754
0.576193 0.779012
0.576569 0.77927
0.576945 0.779528
0.577321 0.779786
0.577697 0.780043
0.578073 0.780301
0.57845 0.780559
0.578826 0.780816
0.579203 0.781074
0.57958 0.781331
0.579957 0.781589
0.580334 0.781846
0.580711 0.782103
0.581089 0.782361
0.581466 0.782618
0.581844 0.782875
0.582222 0.783132
0.582599 0.783389
0.582977 0.783646
0.583355 0.783903
0.583734 0.78416
0.584112 0.784417
0.58449 0.784674
0.584869 0.784931
0.585248 0.785187
0.585627 0.785444
0.586006 0.785701
0.586385 0.785957
0.586764 0.786214
0.587143 0.78647
0.587523 0.786727
0.587902 0.786983
0.588282 0.787239
0.588662 0.787496
0.589042 0.787752
0.589422 0.788008
0.589802 0.788264
0.590182 0.78852
0.590563 0.788776
0.590943 0.789032
0.591324 0.789288
0.591705 0.789544
0.592086 0.7898
0.592467 0.790056
0.592848 0.790311
0.593229 0.790567
0.593611 0.790823
0.593992 0.791078
0.594374 0.791334
0.594756 0.791589
0.595138 0.791845
0.59552 0.7921
0.595902 0.792356
0.596284 0.792611
0.596667 0.792866
0.597049 0.793121
0.597432 0.793376
0.597815 0.793631
0.598198 0.793886
0.598581 0.794141
0.598964 0.794396
0.599347 0.794651
0.59973 0.794906
0.600114 0.795161
0.600498 0.795415
0.600881 0.79567
0.601265 0.795925
0.601649 0.796179
0.602033 0.796434
0.602418 0.796688
0.602802 0.796943
0.603187 0.797197
0.603571 0.797451
0.603956 0.797705
0.604341 0.79796
0.604726 0.798214
0.605111 0.798468
0.605496 0.798722
0.605882 0.798976
0.606267 0.79923
0.606653 0.799484
0.607038 0.799737
0.607424 0.799991
0.60781 0.800245
0.608196 0.800499
0.608583 0.800752
0.608969 0.801006
0.609355 0.801259
0.609742 0.801513
0.610129 0.801766
0.610516 0.80202
0.610902 0.802273
0.61129 0.802526
0.611677 0.802779
0.612064 0.803032
0.612452 0.803285
0.612839 0.803538
0.613227 0.803791
0.613615 0.804044
0.614003 0.804297
0.614391 0.80455
0.614779 0.804803
0.615167 0.805055
0.615555 0.805308
0.615944 0.805561
0.616333 0.805813
0.616721 0.806066
0.61711 0.806318
0.617499 0.806571
0.617889 0.806823
0.618278 0.807075
0.618667 0.807327
0.619057 0.807579
0.619446 0.807832
0.619836 0.808084
0.620226 0.808336
0.620616 0.808588
0.621006 0.808839
0.621396 0.809091
0.621787 0.809343
0.622177 0.809595
0.622568 0.809846
0.622959 0.810098
0.623349 0.81035
0.62374 0.810601
0.624132 0.810853
0.624523 0.811104
0.624914 0.811355
0.625306 0.811607
0.625697 0.811858
0.626089 0.812109
0.626481 0.81236
0.626873 0.812611
0.627265 0.812862
0.627657 0.813113
0.628049 0.813364
0.628442 0.813615
0.628834 0.813865
0.629227 0.814116
0.62962 0.814367
0.630013 0.814617
0.630406 0.814868
0.630799 0.815119
0.631192 0.815369
0.631585 0.815619
0.631979 0.81587
0.632373 0.81612
0.632766 0.81637
0.63316 0.81662
0.633554 0.81687
0.633948 0.81712
0.634343 0.81737
0.634737 0.81762
0.635131 0.81787
0.635526 0.81812
0.635921 0.81837
0.636316 0.818619
0.636711 0.818869
0.637106 0.819119
0.637501 0.819368
0.637896 0.819618
0.638292 0.819867
0.638687 0.820116
0.639083 0.820366
0.639479 0.820615
0.639875 0.820864
0.640271 0.821113
0.640667 0.821362
0.641063 0.821611
0.641459 0.82186
0.641856 0.822109
0.642253 0.822358
0.642649 0.822607
0.643046 0.822856
0.643443 0.823104
0.64384 0.823353
0.644238 0.823601
0.644635 0.82385
0.645033 0.824098
0.64543 0.824347
0.645828 0.824595
0.646226 0.824843
0.646624 0.825091
0.647022 0.82534
0.64742 0.825588
0.647818 0.825836
0.648217 0.826084
0.648615 0.826331
0.649014 0.826579
0.649413 0.826827
0.649812 0.827075
0.650211 0.827322
0.65061 0.82757
0.651009 0.827818
0.651409 0.828065
0.651808 0.828313
0.652208 0.82856
0.652608 0.828807
0.653007 0.829054
0.653407 0.829302
0.653808 0.829549
0.654208 0.829796
0.654608 0.830043
0.655009 0.83029
0.655409 0.830537
0.65581 0.830784
0.656211 0.83103
0.656612 0.831277
0.657013 0.831524
0.657414 0.83177
0.657815 0.832017
0.658217 0.832263
0.658618 0.83251
0.65902 0.832756
0.659422 0.833002
0.659824 0.833249
0.660226 0.833495
0.660628 0.833741
0.66103 0.833987
0.661432 0.834233
0.661835 0.834479
0.662237 0.834725
0.66264 0.83497
0.663043 0.835216
0.663446 0.835462
0.663849 0.835707
0.664252 0.835953
0.664656 0.836198
0.665059 0.836444
0.665463 0.836689
0.665866 0.836935
0.66627 0.83718
0.666674 0.837425
0.667078 0.83767
0.667482 0.837915
0.667886 0.83816
0.668291 0.838405
0.668695 0.83865
0.6691 0.838895
0.669505 0.83914
0.66991 0.839384
0.670315 0.839629
0.67072 0.839874
0.671125 0.840118
0.67153 0.840362
0.671936 0.840607
0.672341 0.840851
0.672747 0.841095
0.673153 0.84134
0.673559 0.841584
0.673965 0.841828
0.674371 0.842072
0.674777 0.842316
0.675184 0.84256
0.67559 0.842804
0.675997 0.843047
0.676403 0.843291
0.67681 0.843535
0.677217 0.843778
0.677624 0.844022
0.678032 0.844265
0.678439 0.844509
0.678846 0.844752
0.679254 0.844995
0.679662 0.845238
0.680069 0.845481
0.680477 0.845724
0.680885 0.845967
0.681294 0.84621
0.681702 0.846453
0.68211 0.846696
0.682519 0.846939
0.682927 0.847182
0.683336 0.847424
0.683745 0.847667
0.684154 0.847909
0.684563 0.848152
0.684972 0.848394
0.685382 0.848636
0.685791 0.848878
0.686201 0.849121
0.68661 0.849363
0.68702 0.849605
0.68743 0.849847
0.68784 0.850089
0.68825 0.850331
0.68866 0.850572
0.689071 0.850814
0.689481 0.851056
0.689892 0.851297
0.690303 0.851539
0.690713 0.85178
0.691124 0.852022
0.691535 0.852263
0.691947 0.852504
0.692358 0.852745
0.692769 0.852987
0.693181 0.853228
0.693593 0.853469
0.694004 0.85371
0.694416 0.85395
0.694828 0.854191
0.69524 0.854432
0.695653 0.854673
0.696065 0.854913
0.696477 0.855154
0.69689 0.855394
0.697303 0.855635
0.697716 0.855875
0.698128 0.856115
0.698542 0.856356
0.698955 0.856596
0.699368 0.856836
0.699781 0.857076
0.700195 0.857316
0.700608 0.857556
0.701022 0.857796
0.701436 0.858035
0.70185 0.858275
0.702264 0.858515
0.702678 0.858754
0.703093 0.858994
0.703507 0.859233
0.703922 0.859472
0.704336 0.859712
0.704751 0.859951
0.705166 0.86019
0.705581 0.860429
0.705996 0.860668
0.706411 0.860907
0.706827 0.861146
0.707242 0.861385
0.707658 0.861624
0.708074 0.861862
0.708489 0.862101
0.708905 0.862339
0.709321 0.862578
0.709738 0.862816
0.710154 0.863055
0.71057 0.863293
0.710987 0.863531
0.711403 0.863769
0.71182 0.864007
0.712237 0.864245
0.712654 0.864483
0.713071 0.864721
0.713488 0.864959
0.713906 0.865197
0.714323 0.865434
0.714741 0.865672
0.715158 0.86591
0.715576 0.866147
0.715994 0.866384
0.716412 0.866622
0.71683 0.866859
0.717248 0.867096
0.717667 0.867333
0.718085 0.86757
0.718504 0.867807
0.718922 0.868044
0.719341 0.868281
0.71976 0.868518
0.720179 0.868755
0.720598 0.868991
0.721017 0.869228
0.721437 0.869464
0.721856 0.869701
0.722276 0.869937
0.722696 0.870174
0.723115 0.87041
0.723535 0.870646
0.723955 0.870882
0.724376 0.871118
0.724796 0.871354
0.725216 0.87159
0.725637 0.871826
0.726057 0.872061
0.726478 0.872297
0.726899 0.872533
0.72732 0.872768
0.727741 0.873004
0.728162 0.873239
0.728584 0.873474
0.729005 0.87371
0.729427 0.873945
0.729848 0.87418
0.73027 0.874415
0.730692 0.87465
0.731114 0.874885
0.731536 0.87512
0.731958 0.875355
0.73238 0.875589
0.732803 0.875824
0.733225 0.876058
0.733648 0.876293
0.734071 0.876527
0.734494 0.876762
0.734917 0.876996
0.73534 0.87723
0.735763 0.877464
0.736187 0.877698
0.73661 0.877932
0.737034 0.878166
0.737457 0.8784
0.737881 0.878634
0.738305 0.878868
0.738729 0.879101
0.739153 0.879335
0.739577 0.879568
0.740002 0.879802
0.740426 0.880035
0.740851 0.880268
0.741275 0.880501
0.7417 0.880735
0.742125 0.880968
0.74255 0.881201
0.742975 0.881434
0.743401 0.881666
0.743826 0.881899
0.744252 0.882132
0.744677 0.882365
0.745103 0.882597
0.745529 0.88283
0.745955 0.883062
0.746381 0.883294
0.746807 0.883527
0.747233 0.883759
0.747659 0.883991
0.748086 0.884223
0.748513 0.884455
0.748939 0.884687
0.749366 0.884919
0.749793 0.88515
0.75022 0.885382
0.750647 0.885614
0.751075 0.885845
0.751502 0.886077
0.751929 0.886308
0.752357 0.886539
0.752785 0.886771
0.753213 0.887002
0.753641 0.887233
0.754069 0.887464
0.754497 0.887695
0.754925 0.887926
0.755353 0.888157
0.755782 0.888387
0.756211 0.888618
0.756639 0.888849
0.757068 0.889079
0.757497 0.88931
0.757926 0.88954
0.758355 0.88977
0.758785 0.890001
0.759214 0.890231
0.759644 0.890461
0.760073 0.890691
0.760503 0.890921
0.760933 0.891151
0.761363 0.89138
0.761793 0.89161
0.762223 0.89184
0.762653 0.892069
0.763084 0.892299
0.763514 0.892528
0.763945 0.892758
0.764375 0.892987
0.764806 0.893216
0.765237 0.893445
0.765668 0.893674
0.766099 0.893903
0.766531 0.894132
0.766962 0.894361
0.767394 0.89459
0.767825 0.894818
0.768257 0.895047
0.768689 0.895275
0.769121 0.895504
0.769553 0.895732
0.769985 0.89596
0.770417 0.896189
0.770849 0.896417
0.771282 0.896645
0.771715 0.896873
0.772147 0.897101
0.77258 0.897329
0.773013 0.897556
0.773446 0.897784
0.773879 0.898012
0.774312 0.898239
0.774746 0.898467
0.775179 0.898694
0.775613 0.898921
0.776047 0.899149
0.77648 0.899376
0.776914 0.899603
0.777348 0.89983
0.777782 0.900057
0.778217 0.900284
0.778651 0.90051
0.779086 0.900737
0.77952 0.900964
0.779955 0.90119
0.78039 0.901417
0.780824 0.901643
0.781259 0.901869
0.781695 0.902096
0.78213 0.902322
0.782565 0.902548
0.783001 0.902774
0.783436 0.903
0.783872 0.903226
0.784308 0.903451
0.784743 0.903677
0.785179 0.903903
0.785616 0.904128
0.786052 0.904354
0.786488 0.904579
0.786925 0.904805
0.787361 0.90503
0.787798 0.905255
0.788234 0.90548
0.788671 0.905705
0.789108 0.90593
0.789545 0.906155
0.789983 0.90638
0.79042 0.906604
0.790857 0.906829
0.791295 0.907053
0.791732 0.907278
0.79217 0.907502
0.792608 0.907727
0.793046 0.907951
0.793484 0.908175
0.793922 0.908399
0.79436 0.908623
0.794799 0.908847
0.795237 0.909071
0.795676 0.909295
0.796115 0.909518
0.796553 0.909742
0.796992 0.909965
0.797431 0.910189
0.79787 0.910412
0.79831 0.910636
0.798749 0.910859
0.799188 0.911082
0.799628 0.911305
0.800068 0.911528
0.800507 0.911751
0.800947 0.911974
0.801387 0.912196
0.801827 0.912419
0.802268 0.912642
0.802708 0.912864
0.803148 0.913087
0.803589 0.913309
0.80403 0.913531
0.80447 0.913753
0.804911 0.913975
0.805352 0.914197
0.805793 0.914419
0.806234 0.914641
0.806676 0.914863
0.807117 0.915085
0.807558 0.915306
0.808 0.915528
0.808442 0.915749
0.808884 0.915971
0.809325 0.916192
0.809768 0.916413
0.81021 0.916635
0.810652 0.916856
0.811094 0.917077
0.811537 0.917298
0.811979 0.917518
0.812422 0.917739
0.812865 0.91796
0.813308 0.91818
0.813751 0.918401
0.814194 0.918621
0.814637 0.918842
0.81508 0.919062
0.815524 0.919282
0.815967 0.919502
0.816411 0.919722
0.816854 0.919942
0.817298 0.920162
0.817742 0.920382
0.818186 0.920602
0.81863 0.920821
0.819075 0.921041
0.819519 0.92126
0.819963 0.92148
0.820408 0.921699
0.820853 0.921918
0.821298 0.922137
0.821742 0.922356
0.822187 0.922575
0.822633 0.922794
0.823078 0.923013
0.823523 0.923232
0.823968 0.92345
0.824414 0.923669
0.82486 0.923887
0.825305 0.924106
0.825751 0.924324
0.826197 0.924542
0.826643 0.924761
0.827089 0.924979
0.827536 0.925197
0.827982 0.925415
0.828429 0.925632
0.828875 0.92585
0.829322 0.926068
0.829769 0.926285
0.830215 0.926503
0.830662 0.92672
0.83111 0.926938
0.831557 0.927155
0.832004 0.927372
0.832451 0.927589
0.832899 0.927806
0.833347 0.928023
0.833794 0.92824
0.834242 0.928457
0.83469 0.928673
0.835138 0.92889
0.835586 0.929106
0.836035 0.929323
0.836483 0.929539
0.836931 0.929756
0.83738 0.929972
0.837829 0.930188
0.838277 0.930404
0.838726 0.93062
0.839175 0.930836
0.839624 0.931051
0.840074 0.931267
0.840523 0.931483
0.840972 0.931698
0.841422 0.931914
0.841871 0.932129
0.842321 0.932344
0.842771 0.932559
0.843221 0.932774
0.843671 0.932989
0.844121 0.933204
0.844571 0.933419
0.845022 0.933634
0.845472 0.933849
0.845923 0.934063
0.846373 0.934278
0.846824 0.934492
0.847275 0.934707
0.847726 0.934921
0.848177 0.935135
0.848628 0.935349
0.849079 0.935563
0.849531 0.935777
0.849982 0.935991
0.850434 0.936205
0.850885 0.936418
0.851337 0.936632
0.851789 0.936845
0.852241 0.937059
0.852693 0.937272
0.853145 0.937485
0.853598 0.937698
0.85405 0.937912
0.854502 0.938125
0.854955 0.938337
0.855408 0.93855
0.855861 0.938763
0.856314 0.938976
0.856767 0.939188
0.85722 0.939401
0.857673 0.939613
0.858126 0.939825
0.85858 0.940038
0.859033 0.94025
0.859487 0.940462
0.859941 0.940674
0.860394 0.940886
0.860848 0.941097
0.861302 0.941309
0.861756 0.941521
0.862211 0.941732
0.862665 0.941944
0.863119 0.942155
0.863574 0.942366
0.864029 0.942578
0.864483 0.942789
0.864938 0.943
0.865393 0.943211
0.865848 0.943421
0.866303 0.943632
0.866759 0.943843
0.867214 0.944053
0.86767 0.944264
0.868125 0.944474
0.868581 0.944685
0.869037 0.944895
0.869492 0.945105
0.869948 0.945315
0.870404 0.945525
0.870861 0.945735
0.871317 0.945945
0.871773 0.946155
0.87223 0.946364
0.872686 0.946574
0.873143 0.946783
0.8736 0.946993
0.874057 0.947202
0.874514 0.947411
0.874971 0.94762
0.875428 0.947829
0.875885 0.948038
0.876343 0.948247
0.8768 0.948456
0.877258 0.948665
0.877715 0.948873
0.878173 0.949082
0.878631 0.94929
0.879089 0.949498
0.879547 0.949707
0.880005 0.949915
0.880464 0.950123
0.880922 0.950331
0.881381 0.950539
0.881839 0.950746
0.882298 0.950954
0.882757 0.951162
0.883215 0.951369
0.883674 0.951577
0.884134 0.951784
0.884593 0.951991
0.885052 0.952199
0.885511 0.952406
0.885971 0.952613
0.886431 0.95282
0.88689 0.953026
0.88735 0.953233
0.88781 0.95344
0.88827 0.953646
0.88873 0.953853
0.88919 0.954059
0.88965 0.954266
0.890111 0.954472
0.890571 0.954678
0.891032 0.954884
0.891493 0.95509
0.891953 0.955296
0.892414 0.955502
0.892875 0.955707
0.893336 0.955913
0.893798 0.956118
0.894259 0.956324
0.89472 0.956529
0.895182 0.956734
0.895643 0.956939
0.896105 0.957144
0.896567 0.957349
0.897029 0.957554
0.897491 0.957759
0.897953 0.957964
0.898415 0.958168
0.898877 0.958373
0.899339 0.958577
0.899802 0.958782
0.900265 0.958986
0.900727 0.95919
0.90119 0.959394
0.901653 0.959598
0.902116 0.959802
0.902579 0.960006
0.903042 0.96021
0.903505 0.960413
0.903969 0.960617
0.904432 0.96082
0.904896 0.961023
0.905359 0.961227
0.905823 0.96143
0.906287 0.961633
0.906751 0.961836
0.907215 0.962039
0.907679 0.962242
0.908143 0.962444
0.908608 0.962647
0.909072 0.962849
0.909536 0.963052
0.910001 0.963254
0.910466 0.963457
0.910931 0.963659
0.911396 0.963861
0.911861 0.964063
0.912326 0.964265
0.912791 0.964466
0.913256 0.964668
0.913722 0.96487
0.914187 0.965071
0.914653 0.965273
0.915118 0.965474
0.915584 0.965675
0.91605 0.965877
0.916516 0.966078
0.916982 0.966279
0.917448 0.966479
0.917915 0.96668
0.918381 0.966881
0.918848 0.967082
0.919314 0.967282
0.919781 0.967483
0.920248 0.967683
0.920714 0.967883
0.921181 0.968083
0.921648 0.968283
0.922116 0.968483
0.922583 0.968683
0.92305 0.968883
0.923518 0.969083
0.923985 0.969282
0.924453 0.969482
0.92492 0.969681
0.925388 0.969881
0.925856 0.97008
0.926324 0.970279
0.926792 0.970478
0.927261 0.970677
0.927729 0.970876
0.928197 0.971075
0.928666 0.971273
0.929134 0.971472
0.929603 0.97167
0.930072 0.971869
0.930541 0.972067
0.93101 0.972265
0.931479 0.972463
0.931948 0.972661
0.932417 0.972859
0.932887 0.973057
0.933356 0.973255
0.933826 0.973453
0.934295 0.97365
0.934765 0.973848
0.935235 0.974045
0.935705 0.974242
0.936175 0.97444
0.936645 0.974637
0.937115 0.974834
0.937585 0.975031
0.938056 0.975227
0.938526 0.975424
0.938997 0.975621
0.939468 0.975817
0.939938 0.976014
0.940409 0.97621
0.94088 0.976406
0.941351 0.976602
0.941822 0.976799
0.942294 0.976995
0.942765 0.97719
0.943236 0.977386
0.943708 0.977582
0.94418 0.977777
0.944651 0.977973
0.945123 0.978168
0.945595 0.978364
0.946067 0.978559
0.946539 0.978754
0.947011 0.978949
0.947484 0.979144
0.947956 0.979339
0.948429 0.979534
0.948901 0.979728
0.949374 0.979923
0.949847 0.980117
0.950319 0.980312
0.950792 0.980506
0.951265 0.9807
0.951739 0.980894
0.952212 0.981088
0.952685 0.981282
0.953159 0.981476
0.953632 0.98167
0.954106 0.981863
0.954579 0.982057
0.955053 0.98225
0.955527 0.982443
0.956001 0.982637
0.956475 0.98283
0.956949 0.983023
0.957424 0.983216
0.957898 0.983409
0.958372 0.983601
0.958847 0.983794
0.959322 0.983987
0.959796 0.984179
0.960271 0.984371
0.960746 0.984564
0.961221 0.984756
0.961696 0.984948
0.962171 0.98514
0.962647 0.985332
0.963122 0.985524
0.963597 0.985715
0.964073 0.985907
0.964549 0.986098
0.965024 0.98629
0.9655 0.986481
0.965976 0.986672
0.966452 0.986863
0.966928 0.987054
0.967404 0.987245
0.967881 0.987436
0.968357 0.987627
0.968834 0.987818
0.96931 0.988008
0.969787 0.988199
0.970264 0.988389
0.97074 0.988579
0.971217 0.988769
0.971694 0.988959
0.972171 0.989149
0.972649 0.989339
0.973126 0.989529
0.973603 0.989719
0.974081 0.989908
0.974558 0.990098
0.975036 0.990287
0.975514 0.990476
0.975992 0.990666
0.97647 0.990855
0.976948 0.991044
0.977426 0.991233
0.977904 0.991421
0.978382 0.99161
0.978861 0.991799
0.979339 0.991987
0.979818 0.992176
0.980297 0.992364
0.980775 0.992552
0.981254 0.99274
0.981733 0.992928
0.982212 0.993116
0.982691 0.993304
0.98317 0.993492
0.98365 0.993679
0.984129 0.993867
0.984609 0.994054
0.985088 0.994242
0.985568 0.994429
0.986048 0.994616
0.986528 0.994803
0.987007 0.99499
0.987488 0.995177
0.987968 0.995363
0.988448 0.99555
0.988928 0.995737
0.989409 0.995923
0.989889 0.996109
0.99037 0.996296
0.99085 0.996482
0.991331 0.996668
0.991812 0.996854
0.992293 0.99704
0.992774 0.997225
0.993255 0.997411
0.993736 0.997597
0.994217 0.997782
0.994699 0.997968
0.99518 0.998153
0.995662 0.998338
0.996143 0.998523
0.996625 0.998708
0.997107 0.998893
0.997589 0.999078
0.998071 0.999262
0.998553 0.999447
0.999035 0.999631
0.999517 0.999816
1 1
