0 0
8.40111e-11 2.87967e-07
6.72089e-10 1.15187e-06
2.2683e-09 2.59171e-06
5.37671e-09 4.60747e-06
1.05014e-08 7.19917e-06
1.81464e-08 1.03668e-05
2.88157e-08 1.41104e-05
4.30136e-08 1.84298e-05
6.12439e-08 2.33252e-05
8.40108e-08 2.87966e-05
1.11818e-07 3.48438e-05
1.4517e-07 4.14669e-05
1.84571e-07 4.8666e-05
2.30525e-07 5.64409e-05
2.83535e-07 6.47917e-05
3.44106e-07 7.37185e-05
4.12742e-07 8.3221e-05
4.89947e-07 9.32995e-05
5.76224e-07 0.000103954
6.72078e-07 0.000115184
7.78013e-07 0.00012699
8.94533e-07 0.000139372
1.02214e-06 0.00015233
1.16134e-06 0.000165863
1.31264e-06 0.000179972
1.47654e-06 0.000194658
1.65354e-06 0.000209918
1.84416e-06 0.000225755
2.04888e-06 0.000242168
2.26822e-06 0.000259156
2.50268e-06 0.00027672
2.75277e-06 0.000294859
3.01898e-06 0.000313575
3.30183e-06 0.000332866
3.60181e-06 0.000352732
3.91943e-06 0.000373175
4.25519e-06 0.000394193
4.6096e-06 0.000415787
4.98316e-06 0.000437956
5.37638e-06 0.000460701
5.78976e-06 0.000484021
6.22379e-06 0.000507917
6.679e-06 0.000532389
7.15587e-06 0.000557436
7.65492e-06 0.000583059
8.17664e-06 0.000609257
8.72154e-06 0.00063603
9.29013e-06 0.000663379
9.88291e-06 0.000691304
1.05004e-05 0.000719804
1.1143e-05 0.000748879
1.18114e-05 0.000778529
1.2506e-05 0.000808755
1.32272e-05 0.000839557
1.39757e-05 0.000870933
1.47519e-05 0.000902885
1.55563e-05 0.000935412
1.63895e-05 0.000968514
1.72518e-05 0.00100219
1.81439e-05 0.00103644
1.90662e-05 0.00107127
2.00192e-05 0.00110668
2.10035e-05 0.00114265
2.20195e-05 0.00117921
2.30678e-05 0.00121633
2.41488e-05 0.00125404
2.52631e-05 0.00129232
2.64111e-05 0.00133117
2.75934e-05 0.0013706
2.88104e-05 0.0014106
3.00627e-05 0.00145118
3.13507e-05 0.00149233
3.26751e-05 0.00153406
3.40362e-05 0.00157636
3.54345e-05 0.00161924
3.68707e-05 0.00166269
3.83451e-05 0.00170671
3.98583e-05 0.00175131
4.14108e-05 0.00179649
4.30031e-05 0.00184224
4.46357e-05 0.00188856
4.63091e-05 0.00193546
4.80238e-05 0.00198294
4.97802e-05 0.00203098
5.1579e-05 0.00207961
5.34206e-05 0.0021288
5.53055e-05 0.00217857
5.72342e-05 0.00222892
5.92072e-05 0.00227984
6.12251e-05 0.00233133
6.32882e-05 0.0023834
6.53972e-05 0.00243604
6.75525e-05 0.00248926
6.97547e-05 0.00254305
7.20041e-05 0.00259741
7.43014e-05 0.00265235
7.6647e-05 0.00270786
7.90415e-05 0.00276394
8.14853e-05 0.0028206
8.39789e-05 0.00287784
8.65229e-05 0.00293564
8.91177e-05 0.00299402
9.17639e-05 0.00305298
9.44619e-05 0.00311251
9.72123e-05 0.00317261
0.000100015 0.00323328
0.000102872 0.00329453
0.000105783 0.00335635
0.000108747 0.00341875
0.000111767 0.00348172
0.000114842 0.00354526
0.000117973 0.00360937
0.00012116 0.00367406
0.000124404 0.00373932
0.000127706 0.00380515
0.000131065 0.00387156
0.000134483 0.00393854
0.000137959 0.0040061
0.000141495 0.00407422
0.000145091 0.00414292
0.000148747 0.00421219
0.000152464 0.00428204
0.000156243 0.00435245
0.000160083 0.00442344
0.000163986 0.004495
0.000167952 0.00456714
0.000171981 0.00463985
0.000176073 0.00471313
0.000180231 0.00478698
0.000184453 0.0048614
0.00018874 0.0049364
0.000193094 0.00501197
0.000197514 0.00508811
0.000202 0.00516482
0.000206555 0.0052421
0.000211177 0.00531996
0.000215867 0.00539839
0.000220626 0.00547739
0.000225455 0.00555696
0.000230353 0.0056371
0.000235322 0.00571782
0.000240362 0.0057991
0.000245473 0.00588096
0.000250657 0.00596339
0.000255912 0.00604639
0.000261241 0.00612997
0.000266642 0.00621411
0.000272118 0.00629882
0.000277668 0.00638411
0.000283293 0.00646997
0.000288994 0.00655639
0.00029477 0.00664339
0.000300623 0.00673096
0.000306552 0.0068191
0.000312559 0.00690781
0.000318644 0.00699709
0.000324807 0.00708695
0.000331049 0.00717737
0.000337371 0.00726836
0.000343772 0.00735993
0.000350254 0.00745206
0.000356817 0.00754476
0.000363461 0.00763804
0.000370187 0.00773188
0.000376995 0.0078263
0.000383886 0.00792128
0.000390861 0.00801684
0.000397919 0.00811296
0.000405062 0.00820965
0.00041229 0.00830692
0.000419603 0.00840475
0.000427002 0.00850315
0.000434487 0.00860212
0.000442059 0.00870166
0.000449719 0.00880177
0.000457467 0.00890245
0.000465302 0.0090037
0.000473227 0.00910552
0.000481241 0.00920791
0.000489345 0.00931086
0.000497539 0.00941439
0.000505824 0.00951848
0.000514201 0.00962314
0.000522669 0.00972837
0.00053123 0.00983417
0.000539883 0.00994054
0.00054863 0.0100475
0.000557471 0.010155
0.000566406 0.010263
0.000575436 0.0103717
0.000584561 0.0104809
0.000593782 0.0105907
0.000603099 0.010701
0.000612514 0.0108119
0.000622025 0.0109234
0.000631634 0.0110355
0.000641342 0.0111481
0.000651148 0.0112613
0.000661054 0.011375
0.00067106 0.0114893
0.000681166 0.0116042
0.000691372 0.0117196
0.00070168 0.0118357
0.00071209 0.0119522
0.000722602 0.0120694
0.000733217 0.0121871
0.000743935 0.0123054
0.000754757 0.0124243
0.000765683 0.0125437
0.000776714 0.0126637
0.00078785 0.0127842
0.000799092 0.0129053
0.00081044 0.013027
0.000821895 0.0131492
0.000833457 0.0132721
0.000845127 0.0133954
0.000856905 0.0135194
0.000868791 0.0136439
0.000880787 0.013769
0.000892893 0.0138946
0.000905109 0.0140208
0.000917436 0.0141476
0.000929874 0.0142749
0.000942423 0.0144028
0.000955085 0.0145313
0.000967859 0.0146603
0.000980747 0.0147899
0.000993748 0.0149201
0.00100686 0.0150508
0.00102009 0.0151821
0.00103344 0.015314
0.0010469 0.0154464
0.00106048 0.0155794
0.00107417 0.0157129
0.00108798 0.015847
0.00110191 0.0159817
0.00111596 0.0161169
0.00113012 0.0162527
0.00114441 0.0163891
0.00115881 0.016526
0.00117333 0.0166635
0.00118798 0.0168016
0.00120274 0.0169402
0.00121763 0.0170794
0.00123264 0.0172191
0.00124777 0.0173594
0.00126303 0.0175003
0.00127841 0.0176417
0.00129391 0.0177837
0.00130953 0.0179263
0.00132529 0.0180694
0.00134116 0.0182131
0.00135717 0.0183573
0.0013733 0.0185021
0.00138955 0.0186475
0.00140594 0.0187934
0.00142245 0.0189399
0.00143909 0.019087
0.00145586 0.0192346
0.00147276 0.0193827
0.00148979 0.0195315
0.00150695 0.0196808
0.00152424 0.0198306
0.00154166 0.019981
0.00155922 0.020132
0.0015769 0.0202836
0.00159472 0.0204357
0.00161267 0.0205883
0.00163076 0.0207415
0.00164898 0.0208953
0.00166733 0.0210497
0.00168583 0.0212046
0.00170445 0.02136
0.00172321 0.021516
0.00174211 0.0216726
0.00176115 0.0218297
0.00178033 0.0219874
0.00179964 0.0221457
0.00181909 0.0223045
0.00183868 0.0224639
0.00185841 0.0226238
0.00187828 0.0227843
0.00189829 0.0229454
0.00191845 0.023107
0.00193874 0.0232691
0.00195918 0.0234319
0.00197976 0.0235951
0.00200048 0.023759
0.00202135 0.0239234
0.00204236 0.0240883
0.00206351 0.0242538
0.00208481 0.0244199
0.00210626 0.0245865
0.00212785 0.0247537
0.00214959 0.0249215
0.00217147 0.0250898
0.0021935 0.0252586
0.00221569 0.025428
0.00223801 0.025598
0.00226049 0.0257685
0.00228312 0.0259396
0.0023059 0.0261112
0.00232883 0.0262834
0.00235191 0.0264562
0.00237514 0.0266295
0.00239852 0.0268033
0.00242205 0.0269777
0.00244574 0.0271527
0.00246958 0.0273282
0.00249358 0.0275043
0.00251773 0.027681
0.00254203 0.0278581
0.00256649 0.0280359
0.00259111 0.0282142
0.00261588 0.028393
0.00264081 0.0285724
0.00266589 0.0287524
0.00269114 0.0289329
0.00271654 0.029114
0.0027421 0.0292956
0.00276782 0.0294778
0.0027937 0.0296605
0.00281974 0.0298438
0.00284594 0.0300276
0.0028723 0.030212
0.00289882 0.030397
0.00292551 0.0305825
0.00295235 0.0307685
0.00297936 0.0309551
0.00300654 0.0311423
0.00303388 0.03133
0.00306138 0.0315182
0.00308905 0.031707
0.00311688 0.0318964
0.00314488 0.0320863
0.00317305 0.0322768
0.00320138 0.0324678
0.00322988 0.0326593
0.00325855 0.0328514
0.00328738 0.0330441
0.00331639 0.0332373
0.00334556 0.0334311
0.00337491 0.0336254
0.00340442 0.0338203
0.00343411 0.0340157
0.00346396 0.0342117
0.00349399 0.0344082
0.00352419 0.0346052
0.00355457 0.0348029
0.00358511 0.035001
0.00361583 0.0351997
0.00364673 0.035399
0.0036778 0.0355988
0.00370904 0.0357992
0.00374046 0.0360001
0.00377206 0.0362015
0.00380383 0.0364035
0.00383578 0.0366061
0.00386791 0.0368092
0.00390021 0.0370128
0.00393269 0.037217
0.00396536 0.0374218
0.0039982 0.0376271
0.00403122 0.0378329
0.00406442 0.0380393
0.00409781 0.0382462
0.00413137 0.0384537
0.00416512 0.0386617
0.00419905 0.0388703
0.00423316 0.0390794
0.00426745 0.0392891
0.00430193 0.0394993
0.00433659 0.0397101
0.00437144 0.0399214
0.00440647 0.0401332
0.00444169 0.0403456
0.00447709 0.0405585
0.00451268 0.040772
0.00454846 0.040986
0.00458443 0.0412006
0.00462058 0.0414157
0.00465692 0.0416314
0.00469345 0.0418476
0.00473018 0.0420643
0.00476709 0.0422816
0.00480419 0.0424995
0.00484148 0.0427178
0.00487896 0.0429368
0.00491664 0.0431562
0.0049545 0.0433762
0.00499256 0.0435968
0.00503082 0.0438179
0.00506926 0.0440395
0.0051079 0.0442617
0.00514674 0.0444844
0.00518577 0.0447077
0.005225 0.0449315
0.00526442 0.0451558
0.00530404 0.0453807
0.00534386 0.0456061
0.00538387 0.0458321
0.00542408 0.0460586
0.00546449 0.0462856
0.0055051 0.0465132
0.00554591 0.0467414
0.00558692 0.04697
0.00562813 0.0471992
0.00566954 0.047429
0.00571115 0.0476593
0.00575296 0.0478901
0.00579498 0.0481215
0.0058372 0.0483534
0.00587962 0.0485858
0.00592224 0.0488188
0.00596507 0.0490523
0.00600811 0.0492864
0.00605134 0.049521
0.00609479 0.0497561
0.00613844 0.0499918
0.0061823 0.050228
0.00622636 0.0504648
0.00627063 0.0507021
0.00631511 0.0509399
0.0063598 0.0511783
0.00640469 0.0514172
0.0064498 0.0516566
0.00649512 0.0518966
0.00654064 0.0521371
0.00658638 0.0523781
0.00663233 0.0526197
0.00667849 0.0528618
0.00672486 0.0531045
0.00677144 0.0533476
0.00681824 0.0535914
0.00686525 0.0538356
0.00691247 0.0540804
0.00695991 0.0543257
0.00700757 0.0545716
0.00705544 0.054818
0.00710352 0.0550649
0.00715182 0.0553124
0.00720034 0.0555604
0.00724908 0.0558089
0.00729803 0.056058
0.00734721 0.0563076
0.0073966 0.0565577
0.00744621 0.0568083
0.00749603 0.0570595
0.00754608 0.0573113
0.00759635 0.0575635
0.00764685 0.0578163
0.00769756 0.0580696
0.00774849 0.0583235
0.00779965 0.0585779
0.00785103 0.0588328
0.00790263 0.0590882
0.00795446 0.0593442
0.00800651 0.0596007
0.00805879 0.0598577
0.00811129 0.0601153
0.00816401 0.0603734
0.00821697 0.060632
0.00827015 0.0608912
0.00832355 0.0611509
0.00837719 0.0614111
0.00843105 0.0616718
0.00848514 0.0619331
0.00853946 0.0621949
0.00859401 0.0624572
0.00864878 0.0627201
0.00870379 0.0629834
0.00875903 0.0632474
0.0088145 0.0635118
0.00887021 0.0637768
0.00892614 0.0640423
0.00898231 0.0643083
0.00903871 0.0645748
0.00909534 0.0648419
0.00915221 0.0651095
0.00920931 0.0653776
0.00926665 0.0656463
0.00932422 0.0659155
0.00938203 0.0661852
0.00944007 0.0664554
0.00949835 0.0667261
0.00955687 0.0669974
0.00961563 0.0672692
0.00967462 0.0675415
0.00973386 0.0678144
0.00979333 0.0680878
0.00985304 0.0683617
0.00991299 0.0686361
0.00997318 0.068911
0.0100336 0.0691865
0.0100943 0.0694625
0.0101552 0.069739
0.0102164 0.070016
0.0102778 0.0702936
0.0103394 0.0705717
0.0104013 0.0708503
0.0104634 0.0711294
0.0105258 0.0714091
0.0105884 0.0716892
0.0106513 0.0719699
0.0107144 0.0722511
0.0107778 0.0725329
0.0108414 0.0728151
0.0109052 0.0730979
0.0109693 0.0733812
0.0110337 0.073665
0.0110983 0.0739493
0.0111631 0.0742342
0.0112282 0.0745195
0.0112935 0.0748054
0.0113591 0.0750918
0.011425 0.0753787
0.0114911 0.0756662
0.0115574 0.0759541
0.011624 0.0762426
0.0116909 0.0765316
0.011758 0.0768211
0.0118254 0.0771112
0.011893 0.0774017
0.0119609 0.0776928
0.012029 0.0779843
0.0120974 0.0782764
0.012166 0.0785691
0.0122349 0.0788622
0.012304 0.0791558
0.0123734 0.07945
0.0124431 0.0797447
0.012513 0.0800398
0.0125832 0.0803355
0.0126537 0.0806318
0.0127244 0.0809285
0.0127953 0.0812257
0.0128665 0.0815235
0.012938 0.0818218
0.0130098 0.0821206
0.0130818 0.0824199
0.013154 0.0827197
0.0132266 0.08302
0.0132993 0.0833208
0.0133724 0.0836222
0.0134457 0.083924
0.0135193 0.0842264
0.0135932 0.0845293
0.0136673 0.0848327
0.0137417 0.0851366
0.0138163 0.085441
0.0138912 0.0857459
0.0139664 0.0860514
0.0140418 0.0863573
0.0141176 0.0866638
0.0141935 0.0869708
0.0142698 0.0872782
0.0143463 0.0875862
0.0144231 0.0878947
0.0145002 0.0882037
0.0145775 0.0885132
0.0146551 0.0888232
0.014733 0.0891338
0.0148111 0.0894448
0.0148895 0.0897563
0.0149682 0.0900684
0.0150472 0.0903809
0.0151264 0.090694
0.015206 0.0910076
0.0152857 0.0913217
0.0153658 0.0916362
0.0154461 0.0919513
0.0155268 0.0922669
0.0156077 0.092583
0.0156888 0.0928996
0.0157703 0.0932167
0.015852 0.0935343
0.015934 0.0938525
0.0160163 0.0941711
0.0160988 0.0944902
0.0161817 0.0948098
0.0162648 0.09513
0.0163482 0.0954506
0.0164319 0.0957717
0.0165158 0.0960934
0.0166001 0.0964155
0.0166846 0.0967382
0.0167694 0.0970613
0.0168545 0.097385
0.0169399 0.0977091
0.0170255 0.0980338
0.0171115 0.0983589
0.0171977 0.0986846
0.0172842 0.0990107
0.017371 0.0993374
0.0174581 0.0996645
0.0175455 0.0999922
0.0176331 0.10032
0.0177211 0.100649
0.0178093 0.100978
0.0178978 0.101308
0.0179866 0.101638
0.0180757 0.101969
0.0181651 0.1023
0.0182548 0.102631
0.0183448 0.102963
0.018435 0.103296
0.0185256 0.103629
0.0186164 0.103963
0.0187076 0.104297
0.018799 0.104632
0.0188907 0.104967
0.0189827 0.105302
0.019075 0.105638
0.0191676 0.105975
0.0192605 0.106312
0.0193537 0.10665
0.0194472 0.106988
0.019541 0.107326
0.0196351 0.107665
0.0197295 0.108005
0.0198242 0.108345
0.0199191 0.108686
0.0200144 0.109027
0.02011 0.109368
0.0202058 0.10971
0.020302 0.110053
0.0203985 0.110396
0.0204952 0.110739
0.0205923 0.111083
0.0206897 0.111428
0.0207874 0.111773
0.0208853 0.112118
0.0209836 0.112464
0.0210822 0.112811
0.0211811 0.113158
0.0212803 0.113505
0.0213798 0.113853
0.0214796 0.114201
0.0215797 0.11455
0.0216801 0.1149
0.0217808 0.115249
0.0218818 0.1156
0.0219831 0.115951
0.0220848 0.116302
0.0221867 0.116654
0.022289 0.117006
0.0223915 0.117359
0.0224944 0.117712
0.0225976 0.118066
0.0227011 0.11842
0.0228049 0.118775
0.022909 0.11913
0.0230134 0.119486
0.0231181 0.119842
0.0232232 0.120199
0.0233285 0.120556
0.0234342 0.120913
0.0235402 0.121272
0.0236465 0.12163
0.0237531 0.121989
0.02386 0.122349
0.0239672 0.122709
0.0240748 0.123069
0.0241827 0.12343
0.0242909 0.123792
0.0243994 0.124154
0.0245082 0.124516
0.0246173 0.124879
0.0247268 0.125243
0.0248365 0.125607
0.0249466 0.125971
0.025057 0.126336
0.0251678 0.126701
0.0252788 0.127067
0.0253902 0.127433
0.0255019 0.1278
0.0256139 0.128167
0.0257262 0.128535
0.0258389 0.128903
0.0259519 0.129272
0.0260652 0.129641
0.0261788 0.130011
0.0262928 0.130381
0.026407 0.130751
0.0265216 0.131122
0.0266365 0.131494
0.0267518 0.131866
0.0268674 0.132239
0.0269833 0.132612
0.0270995 0.132985
0.0272161 0.133359
0.0273329 0.133733
0.0274501 0.134108
0.0275677 0.134483
0.0276855 0.134859
0.0278037 0.135236
0.0279223 0.135612
0.0280411 0.13599
0.0281603 0.136367
0.0282798 0.136745
0.0283997 0.137124
0.0285198 0.137503
0.0286404 0.137883
0.0287612 0.138263
0.0288824 0.138643
0.0290039 0.139024
0.0291257 0.139406
0.0292479 0.139788
0.0293704 0.14017
0.0294933 0.140553
0.0296164 0.140936
0.02974 0.14132
0.0298638 0.141704
0.029988 0.142089
0.0301125 0.142474
0.0302374 0.14286
0.0303626 0.143246
0.0304881 0.143633
0.030614 0.14402
0.0307402 0.144407
0.0308668 0.144795
0.0309937 0.145184
0.0311209 0.145573
0.0312485 0.145962
0.0313764 0.146352
0.0315047 0.146742
0.0316333 0.147133
0.0317622 0.147524
0.0318915 0.147916
0.0320211 0.148308
0.0321511 0.148701
0.0322814 0.149094
0.0324121 0.149487
0.0325431 0.149882
0.0326745 0.150276
0.0328062 0.150671
0.0329382 0.151066
0.0330706 0.151462
0.0332033 0.151859
0.0333364 0.152255
0.0334698 0.152653
0.0336036 0.15305
0.0337377 0.153448
0.0338722 0.153847
0.034007 0.154246
0.0341422 0.154646
0.0342777 0.155046
0.0344136 0.155446
0.0345498 0.155847
0.0346864 0.156248
0.0348233 0.15665
0.0349606 0.157052
0.0350982 0.157455
0.0352362 0.157858
0.0353746 0.158262
0.0355133 0.158666
0.0356523 0.159071
0.0357917 0.159476
0.0359314 0.159881
0.0360716 0.160287
0.036212 0.160693
0.0363528 0.1611
0.036494 0.161508
0.0366355 0.161915
0.0367774 0.162323
0.0369197 0.162732
0.0370623 0.163141
0.0372052 0.163551
0.0373486 0.163961
0.0374922 0.164371
0.0376363 0.164782
0.0377807 0.165193
0.0379254 0.165605
0.0380706 0.166017
0.038216 0.16643
0.0383619 0.166843
0.0385081 0.167257
0.0386547 0.167671
0.0388016 0.168085
0.0389489 0.1685
0.0390965 0.168915
0.0392446 0.169331
0.0393929 0.169748
0.0395417 0.170164
0.0396908 0.170581
0.0398403 0.170999
0.0399901 0.171417
0.0401403 0.171836
0.0402909 0.172254
0.0404419 0.172674
0.0405932 0.173094
0.0407448 0.173514
0.0408969 0.173935
0.0410493 0.174356
0.0412021 0.174777
0.0413552 0.175199
0.0415088 0.175622
0.0416627 0.176045
0.0418169 0.176468
0.0419715 0.176892
0.0421265 0.177316
0.0422819 0.177741
0.0424377 0.178166
0.0425938 0.178591
0.0427503 0.179017
0.0429071 0.179444
0.0430644 0.179871
0.043222 0.180298
0.04338 0.180726
0.0435383 0.181154
0.0436971 0.181583
0.0438562 0.182012
0.0440157 0.182441
0.0441755 0.182871
0.0443358 0.183301
0.0444964 0.183732
0.0446574 0.184163
0.0448188 0.184595
0.0449805 0.185027
0.0451426 0.18546
0.0453052 0.185893
0.045468 0.186326
0.0456313 0.18676
0.0457949 0.187194
0.045959 0.187629
0.0461234 0.188064
0.0462882 0.1885
0.0464533 0.188936
0.0466189 0.189372
0.0467848 0.189809
0.0469511 0.190246
0.0471178 0.190684
0.0472849 0.191122
0.0474524 0.191561
0.0476202 0.192
0.0477885 0.192439
0.0479571 0.192879
0.0481261 0.193319
0.0482955 0.19376
0.0484652 0.194201
0.0486354 0.194643
0.048806 0.195085
0.0489769 0.195527
0.0491482 0.19597
0.0493199 0.196413
0.049492 0.196857
0.0496645 0.197301
0.0498374 0.197746
0.0500106 0.198191
0.0501843 0.198636
0.0503583 0.199082
0.0505328 0.199528
0.0507076 0.199975
0.0508828 0.200422
0.0510584 0.20087
0.0512344 0.201318
0.0514108 0.201766
0.0515876 0.202215
0.0517648 0.202664
0.0519424 0.203114
0.0521203 0.203564
0.0522987 0.204014
0.0524774 0.204465
0.0526566 0.204916
0.0528361 0.205368
0.0530161 0.20582
0.0531964 0.206273
0.0533771 0.206726
0.0535583 0.207179
0.0537398 0.207633
0.0539217 0.208087
0.054104 0.208542
0.0542867 0.208997
0.0544699 0.209452
0.0546534 0.209908
0.0548373 0.210365
0.0550216 0.210821
0.0552063 0.211279
0.0553914 0.211736
0.0555769 0.212194
0.0557629 0.212652
0.0559492 0.213111
0.0561359 0.21357
0.056323 0.21403
0.0565105 0.21449
0.0566985 0.214951
0.0568868 0.215411
0.0570755 0.215873
0.0572647 0.216334
0.0574542 0.216796
0.0576442 0.217259
0.0578345 0.217722
0.0580253 0.218185
0.0582164 0.218649
0.058408 0.219113
0.0586 0.219578
0.0587923 0.220043
0.0589851 0.220508
0.0591783 0.220974
0.0593719 0.22144
0.0595659 0.221906
0.0597604 0.222373
0.0599552 0.222841
0.0601504 0.223309
0.0603461 0.223777
0.0605421 0.224245
0.0607386 0.224714
0.0609355 0.225184
0.0611328 0.225654
0.0613305 0.226124
0.0615286 0.226595
0.0617271 0.227066
0.061926 0.227537
0.0621254 0.228009
0.0623252 0.228481
0.0625253 0.228954
0.0627259 0.229427
0.0629269 0.2299
0.0631284 0.230374
0.0633302 0.230848
0.0635324 0.231323
0.0637351 0.231798
0.0639382 0.232273
0.0641417 0.232749
0.0643456 0.233225
0.0645499 0.233702
0.0647547 0.234179
0.0649598 0.234656
0.0651654 0.235134
0.0653714 0.235612
0.0655778 0.236091
0.0657847 0.23657
0.0659919 0.237049
0.0661996 0.237529
0.0664077 0.238009
0.0666162 0.23849
0.0668252 0.238971
0.0670345 0.239452
0.0672443 0.239934
0.0674545 0.240416
0.0676652 0.240899
0.0678762 0.241382
0.0680877 0.241865
0.0682996 0.242349
0.0685119 0.242833
0.0687246 0.243317
0.0689378 0.243802
0.0691514 0.244287
0.0693654 0.244773
0.0695799 0.245259
0.0697947 0.245746
0.07001 0.246232
0.0702257 0.24672
0.0704419 0.247207
0.0706585 0.247695
0.0708755 0.248184
0.0710929 0.248672
0.0713107 0.249161
0.071529 0.249651
0.0717477 0.250141
0.0719669 0.250631
0.0721864 0.251122
0.0724064 0.251613
0.0726269 0.252104
0.0728477 0.252596
0.073069 0.253088
0.0732907 0.253581
0.0735129 0.254074
0.0737355 0.254567
0.0739585 0.255061
0.074182 0.255555
0.0744058 0.25605
0.0746302 0.256545
0.0748549 0.25704
0.0750801 0.257535
0.0753057 0.258032
0.0755317 0.258528
0.0757582 0.259025
0.0759852 0.259522
0.0762125 0.260019
0.0764403 0.260517
0.0766685 0.261016
0.0768972 0.261514
0.0771263 0.262013
0.0773558 0.262513
0.0775858 0.263012
0.0778162 0.263513
0.0780471 0.264013
0.0782783 0.264514
0.0785101 0.265015
0.0787422 0.265517
0.0789748 0.266019
0.0792079 0.266521
0.0794414 0.267024
0.0796753 0.267527
0.0799097 0.268031
0.0801445 0.268535
0.0803797 0.269039
0.0806154 0.269543
0.0808515 0.270048
0.0810881 0.270554
0.0813251 0.27106
0.0815626 0.271566
0.0818005 0.272072
0.0820388 0.272579
0.0822776 0.273086
0.0825168 0.273594
0.0827565 0.274102
0.0829966 0.27461
0.0832372 0.275119
0.0834782 0.275628
0.0837196 0.276137
0.0839616 0.276647
0.0842039 0.277157
0.0844467 0.277667
0.0846899 0.278178
0.0849336 0.278689
0.0851778 0.279201
0.0854223 0.279713
0.0856674 0.280225
0.0859129 0.280738
0.0861588 0.281251
0.0864052 0.281764
0.086652 0.282278
0.0868993 0.282792
0.087147 0.283307
0.0873952 0.283821
0.0876438 0.284337
0.0878929 0.284852
0.0881424 0.285368
0.0883924 0.285884
0.0886429 0.286401
0.0888937 0.286918
0.0891451 0.287435
0.0893969 0.287953
0.0896491 0.288471
0.0899018 0.288989
0.090155 0.289508
0.0904086 0.290027
0.0906626 0.290546
0.0909172 0.291066
0.0911721 0.291586
0.0914276 0.292107
0.0916835 0.292628
0.0919398 0.293149
0.0921966 0.293671
0.0924538 0.294192
0.0927116 0.294715
0.0929697 0.295237
0.0932283 0.29576
0.0934874 0.296284
0.093747 0.296807
0.094007 0.297331
0.0942674 0.297856
0.0945283 0.29838
0.0947897 0.298905
0.0950516 0.299431
0.0953139 0.299957
0.0955766 0.300483
0.0958398 0.301009
0.0961035 0.301536
0.0963676 0.302063
0.0966322 0.30259
0.0968973 0.303118
0.0971628 0.303646
0.0974288 0.304175
0.0976953 0.304704
0.0979622 0.305233
0.0982296 0.305762
0.0984974 0.306292
0.0987657 0.306823
0.0990345 0.307353
0.0993037 0.307884
0.0995734 0.308415
0.0998436 0.308947
0.100114 0.309479
0.100385 0.310011
0.100657 0.310544
0.100929 0.311077
0.101201 0.31161
0.101474 0.312143
0.101748 0.312677
0.102022 0.313212
0.102296 0.313746
0.102571 0.314281
0.102846 0.314816
0.103122 0.315352
0.103398 0.315888
0.103675 0.316424
0.103952 0.316961
0.10423 0.317498
0.104508 0.318035
0.104786 0.318573
0.105065 0.319111
0.105345 0.319649
0.105625 0.320188
0.105905 0.320727
0.106186 0.321266
0.106468 0.321806
0.10675 0.322345
0.107032 0.322886
0.107315 0.323426
0.107598 0.323967
0.107882 0.324508
0.108166 0.32505
0.108451 0.325592
0.108736 0.326134
0.109022 0.326677
0.109308 0.32722
0.109595 0.327763
0.109882 0.328306
0.110169 0.32885
0.110457 0.329394
0.110746 0.329939
0.111035 0.330484
0.111324 0.331029
0.111614 0.331574
0.111905 0.33212
0.112196 0.332666
0.112487 0.333213
0.112779 0.333759
0.113071 0.334307
0.113364 0.334854
0.113657 0.335402
0.113951 0.33595
0.114245 0.336498
0.11454 0.337047
0.114835 0.337596
0.115131 0.338145
0.115427 0.338695
0.115724 0.339245
0.116021 0.339795
0.116319 0.340345
0.116617 0.340896
0.116915 0.341447
0.117215 0.341999
0.117514 0.342551
0.117814 0.343103
0.118115 0.343655
0.118416 0.344208
0.118717 0.344761
0.119019 0.345315
0.119322 0.345868
0.119625 0.346422
0.119928 0.346977
0.120232 0.347531
0.120536 0.348086
0.120841 0.348642
0.121147 0.349197
0.121452 0.349753
0.121759 0.350309
0.122066 0.350866
0.122373 0.351422
0.122681 0.35198
0.122989 0.352537
0.123298 0.353095
0.123607 0.353653
0.123917 0.354211
0.124227 0.35477
0.124538 0.355329
0.124849 0.355888
0.125161 0.356447
0.125473 0.357007
0.125786 0.357567
0.126099 0.358128
0.126413 0.358689
0.126727 0.35925
0.127042 0.359811
0.127357 0.360373
0.127672 0.360935
0.127988 0.361497
0.128305 0.362059
0.128622 0.362622
0.12894 0.363185
0.129258 0.363749
0.129577 0.364313
0.129896 0.364877
0.130215 0.365441
0.130535 0.366006
0.130856 0.366571
0.131177 0.367136
0.131499 0.367701
0.131821 0.368267
0.132143 0.368833
0.132466 0.3694
0.13279 0.369966
0.133114 0.370533
0.133438 0.371101
0.133763 0.371668
0.134089 0.372236
0.134415 0.372804
0.134742 0.373373
0.135069 0.373941
0.135396 0.37451
0.135724 0.37508
0.136053 0.375649
0.136382 0.376219
0.136711 0.376789
0.137041 0.37736
0.137372 0.377931
0.137703 0.378502
0.138034 0.379073
0.138366 0.379644
0.138699 0.380216
0.139032 0.380789
0.139365 0.381361
0.139699 0.381934
0.140034 0.382507
0.140369 0.38308
0.140704 0.383654
0.141041 0.384228
0.141377 0.384802
0.141714 0.385376
0.142052 0.385951
0.14239 0.386526
0.142728 0.387101
0.143067 0.387677
0.143407 0.388253
0.143747 0.388829
0.144087 0.389405
0.144428 0.389982
0.14477 0.390559
0.145112 0.391136
0.145455 0.391713
0.145798 0.392291
0.146141 0.392869
0.146485 0.393448
0.14683 0.394026
0.147175 0.394605
0.147521 0.395184
0.147867 0.395764
0.148214 0.396343
0.148561 0.396923
0.148908 0.397504
0.149257 0.398084
0.149605 0.398665
0.149954 0.399246
0.150304 0.399827
0.150654 0.400409
0.151005 0.400991
0.151356 0.401573
0.151708 0.402155
0.15206 0.402738
0.152413 0.403321
0.152766 0.403904
0.15312 0.404487
0.153474 0.405071
0.153829 0.405655
0.154184 0.406239
0.15454 0.406824
0.154896 0.407409
0.155253 0.407994
0.15561 0.408579
0.155968 0.409165
0.156327 0.409751
0.156686 0.410337
0.157045 0.410923
0.157405 0.41151
0.157765 0.412097
0.158126 0.412684
0.158488 0.413271
0.15885 0.413859
0.159212 0.414447
0.159575 0.415035
0.159939 0.415623
0.160303 0.416212
0.160667 0.416801
0.161032 0.41739
0.161398 0.41798
0.161764 0.41857
0.16213 0.419159
0.162497 0.41975
0.162865 0.42034
0.163233 0.420931
0.163602 0.421522
0.163971 0.422113
0.164341 0.422705
0.164711 0.423297
0.165082 0.423889
0.165453 0.424481
0.165825 0.425073
0.166197 0.425666
0.16657 0.426259
0.166943 0.426852
0.167317 0.427446
0.167691 0.42804
0.168066 0.428634
0.168442 0.429228
0.168818 0.429822
0.169194 0.430417
0.169571 0.431012
0.169949 0.431607
0.170327 0.432203
0.170705 0.432799
0.171084 0.433395
0.171464 0.433991
0.171844 0.434587
0.172224 0.435184
0.172606 0.435781
0.172987 0.436378
0.173369 0.436976
0.173752 0.437573
0.174135 0.438171
0.174519 0.438769
0.174903 0.439368
0.175288 0.439966
0.175674 0.440565
0.176059 0.441164
0.176446 0.441764
0.176833 0.442363
0.17722 0.442963
0.177608 0.443563
0.177996 0.444163
0.178385 0.444764
0.178775 0.445365
0.179165 0.445966
0.179556 0.446567
0.179947 0.447168
0.180338 0.44777
0.180731 0.448372
0.181123 0.448974
0.181516 0.449577
0.18191 0.450179
0.182304 0.450782
0.182699 0.451385
0.183095 0.451989
0.18349 0.452592
0.183887 0.453196
0.184284 0.4538
0.184681 0.454404
0.185079 0.455009
0.185478 0.455613
0.185877 0.456218
0.186276 0.456823
0.186676 0.457429
0.187077 0.458034
0.187478 0.45864
0.18788 0.459246
0.188282 0.459853
0.188685 0.460459
0.189088 0.461066
0.189492 0.461673
0.189896 0.46228
0.190301 0.462887
0.190706 0.463495
0.191112 0.464103
0.191519 0.464711
0.191926 0.465319
0.192333 0.465928
0.192741 0.466536
0.19315 0.467145
0.193559 0.467754
0.193969 0.468364
0.194379 0.468973
0.194789 0.469583
0.195201 0.470193
0.195613 0.470803
0.196025 0.471414
0.196438 0.472025
0.196851 0.472635
0.197265 0.473247
0.197679 0.473858
0.198094 0.474469
0.19851 0.475081
0.198926 0.475693
0.199343 0.476305
0.19976 0.476918
0.200177 0.47753
0.200596 0.478143
0.201014 0.478756
0.201434 0.479369
0.201854 0.479983
0.202274 0.480596
0.202695 0.48121
0.203116 0.481824
0.203538 0.482438
0.203961 0.483053
0.204384 0.483667
0.204807 0.484282
0.205231 0.484897
0.205656 0.485513
0.206081 0.486128
0.206507 0.486744
0.206933 0.48736
0.20736 0.487976
0.207787 0.488592
0.208215 0.489208
0.208644 0.489825
0.209073 0.490442
0.209502 0.491059
0.209932 0.491676
0.210363 0.492294
0.210794 0.492912
0.211226 0.493529
0.211658 0.494148
0.212091 0.494766
0.212524 0.495384
0.212958 0.496003
0.213392 0.496622
0.213827 0.497241
0.214263 0.49786
0.214699 0.49848
0.215135 0.499099
0.215572 0.499719
0.21601 0.500339
0.216448 0.500959
0.216887 0.50158
0.217326 0.5022
0.217766 0.502821
0.218206 0.503442
0.218647 0.504063
0.219088 0.504685
0.21953 0.505306
0.219973 0.505928
0.220416 0.50655
0.22086 0.507172
0.221304 0.507794
0.221749 0.508417
0.222194 0.50904
0.22264 0.509663
0.223086 0.510286
0.223533 0.510909
0.22398 0.511532
0.224428 0.512156
0.224877 0.51278
0.225326 0.513404
0.225775 0.514028
0.226226 0.514652
0.226676 0.515277
0.227128 0.515901
0.227579 0.516526
0.228032 0.517151
0.228485 0.517777
0.228938 0.518402
0.229392 0.519028
0.229846 0.519654
0.230302 0.520279
0.230757 0.520906
0.231213 0.521532
0.23167 0.522158
0.232127 0.522785
0.232585 0.523412
0.233044 0.524039
0.233503 0.524666
0.233962 0.525294
0.234422 0.525921
0.234883 0.526549
0.235344 0.527177
0.235805 0.527805
0.236268 0.528433
0.23673 0.529061
0.237194 0.52969
0.237658 0.530319
0.238122 0.530948
0.238587 0.531577
0.239052 0.532206
0.239518 0.532835
0.239985 0.533465
0.240452 0.534095
0.24092 0.534725
0.241388 0.535355
0.241857 0.535985
0.242326 0.536615
0.242796 0.537246
0.243267 0.537877
0.243738 0.538508
0.24421 0.539139
0.244682 0.53977
0.245154 0.540401
0.245628 0.541033
0.246101 0.541665
0.246576 0.542297
0.247051 0.542929
0.247526 0.543561
0.248002 0.544193
0.248479 0.544826
0.248956 0.545458
0.249433 0.546091
0.249912 0.546724
0.25039 0.547357
0.25087 0.547991
0.25135 0.548624
0.25183 0.549258
0.252311 0.549892
0.252793 0.550526
0.253275 0.55116
0.253757 0.551794
0.254241 0.552428
0.254724 0.553063
0.255209 0.553698
0.255694 0.554332
0.256179 0.554967
0.256665 0.555603
0.257152 0.556238
0.257639 0.556873
0.258126 0.557509
0.258615 0.558145
0.259103 0.558781
0.259593 0.559417
0.260083 0.560053
0.260573 0.560689
0.261064 0.561326
0.261556 0.561962
0.262048 0.562599
0.26254 0.563236
0.263034 0.563873
0.263527 0.56451
0.264022 0.565148
0.264517 0.565785
0.265012 0.566423
0.265508 0.567061
0.266005 0.567699
0.266502 0.568337
0.267 0.568975
0.267498 0.569613
0.267997 0.570252
0.268496 0.57089
0.268996 0.571529
0.269496 0.572168
0.269997 0.572807
0.270499 0.573446
0.271001 0.574086
0.271504 0.574725
0.272007 0.575365
0.272511 0.576004
0.273016 0.576644
0.27352 0.577284
0.274026 0.577924
0.274532 0.578565
0.275039 0.579205
0.275546 0.579846
0.276054 0.580486
0.276562 0.581127
0.277071 0.581768
0.27758 0.582409
0.27809 0.58305
0.278601 0.583692
0.279112 0.584333
0.279624 0.584975
0.280136 0.585616
0.280649 0.586258
0.281162 0.5869
0.281676 0.587542
0.282191 0.588184
0.282706 0.588827
0.283221 0.589469
0.283738 0.590112
0.284254 0.590754
0.284772 0.591397
0.28529 0.59204
0.285808 0.592683
0.286327 0.593326
0.286847 0.59397
0.287367 0.594613
0.287887 0.595257
0.288409 0.5959
0.28893 0.596544
0.289453 0.597188
0.289976 0.597832
0.290499 0.598476
0.291023 0.599121
0.291548 0.599765
0.292073 0.600409
0.292599 0.601054
0.293125 0.601699
0.293652 0.602344
0.29418 0.602989
0.294708 0.603634
0.295236 0.604279
0.295766 0.604924
0.296295 0.60557
0.296826 0.606215
0.297356 0.606861
0.297888 0.607506
0.29842 0.608152
0.298952 0.608798
0.299485 0.609444
0.300019 0.610091
0.300553 0.610737
0.301088 0.611383
0.301624 0.61203
0.302159 0.612676
0.302696 0.613323
0.303233 0.61397
0.303771 0.614617
0.304309 0.615264
0.304848 0.615911
0.305387 0.616558
0.305927 0.617206
0.306467 0.617853
0.307008 0.618501
0.30755 0.619148
0.308092 0.619796
0.308635 0.620444
0.309178 0.621092
0.309722 0.62174
0.310267 0.622388
0.310812 0.623037
0.311357 0.623685
0.311903 0.624333
0.31245 0.624982
0.312997 0.625631
0.313545 0.626279
0.314094 0.626928
0.314642 0.627577
0.315192 0.628226
0.315742 0.628875
0.316293 0.629525
0.316844 0.630174
0.317396 0.630823
0.317948 0.631473
0.318501 0.632122
0.319055 0.632772
0.319609 0.633422
0.320164 0.634072
0.320719 0.634722
0.321275 0.635372
0.321831 0.636022
0.322388 0.636672
0.322945 0.637322
0.323503 0.637973
0.324062 0.638623
0.324621 0.639274
0.325181 0.639925
0.325741 0.640575
0.326302 0.641226
0.326864 0.641877
0.327426 0.642528
0.327989 0.643179
0.328552 0.64383
0.329116 0.644482
0.32968 0.645133
0.330245 0.645785
0.33081 0.646436
0.331376 0.647088
0.331943 0.647739
0.33251 0.648391
0.333078 0.649043
0.333646 0.649695
0.334215 0.650347
0.334785 0.650999
0.335355 0.651651
0.335925 0.652303
0.336497 0.652955
0.337068 0.653608
0.337641 0.65426
0.338214 0.654913
0.338787 0.655565
0.339361 0.656218
0.339936 0.656871
0.340511 0.657524
0.341087 0.658176
0.341663 0.658829
0.34224 0.659482
0.342817 0.660136
0.343395 0.660789
0.343974 0.661442
0.344553 0.662095
0.345133 0.662749
0.345713 0.663402
0.346294 0.664056
0.346876 0.664709
0.347458 0.665363
0.34804 0.666017
0.348624 0.66667
0.349207 0.667324
0.349792 0.667978
0.350377 0.668632
0.350962 0.669286
0.351548 0.66994
0.352135 0.670594
0.352722 0.671249
0.35331 0.671903
0.353898 0.672557
0.354487 0.673212
0.355076 0.673866
0.355667 0.674521
0.356257 0.675175
0.356848 0.67583
0.35744 0.676485
0.358032 0.677139
0.358625 0.677794
0.359219 0.678449
0.359813 0.679104
0.360408 0.679759
0.361003 0.680414
0.361599 0.681069
0.362195 0.681724
0.362792 0.682379
0.363389 0.683035
0.363988 0.68369
0.364586 0.684345
0.365185 0.685001
0.365785 0.685656
0.366386 0.686312
0.366987 0.686967
0.367588 0.687623
0.36819 0.688279
0.368793 0.688934
0.369396 0.68959
0.37 0.690246
0.370604 0.690902
0.371209 0.691558
0.371815 0.692214
0.372421 0.69287
0.373028 0.693526
0.373635 0.694182
0.374243 0.694838
0.374851 0.695494
0.37546 0.69615
0.37607 0.696807
0.37668 0.697463
0.377291 0.698119
0.377902 0.698776
0.378514 0.699432
0.379126 0.700088
0.379739 0.700745
0.380353 0.701402
0.380967 0.702058
0.381582 0.702715
0.382197 0.703371
0.382813 0.704028
0.383429 0.704685
0.384047 0.705342
0.384664 0.705998
0.385282 0.706655
0.385901 0.707312
0.38652 0.707969
0.38714 0.708626
0.387761 0.709283
0.388382 0.70994
0.389004 0.710597
0.389626 0.711254
0.390249 0.711911
0.390872 0.712568
0.391496 0.713225
0.39212 0.713883
0.392745 0.71454
0.393371 0.715197
0.393997 0.715854
0.394624 0.716512
0.395252 0.717169
0.395879 0.717826
0.396508 0.718484
0.397137 0.719141
0.397767 0.719799
0.398397 0.720456
0.399028 0.721114
0.399659 0.721771
0.400291 0.722429
0.400924 0.723086
0.401557 0.723744
0.402191 0.724401
0.402825 0.725059
0.40346 0.725717
0.404095 0.726374
0.404731 0.727032
0.405368 0.72769
0.406005 0.728347
0.406643 0.729005
0.407281 0.729663
0.40792 0.730321
0.40856 0.730978
0.4092 0.731636
0.40984 0.732294
0.410482 0.732952
0.411123 0.73361
0.411766 0.734268
0.412409 0.734926
0.413052 0.735583
0.413696 0.736241
0.414341 0.736899
0.414986 0.737557
0.415632 0.738215
0.416278 0.738873
0.416925 0.739531
0.417573 0.740189
0.418221 0.740847
0.41887 0.741505
0.419519 0.742163
0.420169 0.742821
0.420819 0.743479
0.42147 0.744137
0.422122 0.744795
0.422774 0.745453
0.423426 0.746111
0.42408 0.746769
0.424734 0.747427
0.425388 0.748085
0.426043 0.748743
0.426699 0.749401
0.427355 0.750059
0.428012 0.750717
0.428669 0.751375
0.429327 0.752033
0.429985 0.752691
0.430644 0.753349
0.431304 0.754008
0.431964 0.754666
0.432625 0.755324
0.433286 0.755982
0.433948 0.75664
0.434611 0.757298
0.435274 0.757956
0.435938 0.758614
0.436602 0.759272
0.437267 0.75993
0.437932 0.760588
0.438598 0.761246
0.439265 0.761904
0.439932 0.762562
0.440599 0.76322
0.441268 0.763878
0.441936 0.764536
0.442606 0.765194
0.443276 0.765852
0.443946 0.76651
0.444618 0.767167
0.445289 0.767825
0.445962 0.768483
0.446634 0.769141
0.447308 0.769799
0.447982 0.770457
0.448657 0.771115
0.449332 0.771773
0.450007 0.77243
0.450684 0.773088
0.451361 0.773746
0.452038 0.774404
0.452716 0.775061
0.453395 0.775719
0.454074 0.776377
0.454754 0.777035
0.455434 0.777692
0.456115 0.77835
0.456797 0.779008
0.457479 0.779665
0.458161 0.780323
0.458845 0.78098
0.459528 0.781638
0.460213 0.782295
0.460898 0.782953
0.461583 0.78361
0.46227 0.784268
0.462956 0.784925
0.463643 0.785583
0.464331 0.78624
0.46502 0.786897
0.465709 0.787555
0.466398 0.788212
0.467088 0.788869
0.467779 0.789526
0.46847 0.790184
0.469162 0.790841
0.469855 0.791498
0.470548 0.792155
0.471241 0.792812
0.471936 0.793469
0.47263 0.794126
0.473326 0.794783
0.474021 0.79544
0.474718 0.796097
0.475415 0.796754
0.476113 0.797411
0.476811 0.798068
0.47751 0.798725
0.478209 0.799381
0.478909 0.800038
0.479609 0.800695
0.48031 0.801351
0.481012 0.802008
0.481714 0.802665
0.482417 0.803321
0.48312 0.803978
0.483824 0.804634
0.484529 0.80529
0.485234 0.805947
0.48594 0.806603
0.486646 0.807259
0.487353 0.807916
0.48806 0.808572
0.488768 0.809228
0.489477 0.809884
0.490186 0.81054
0.490895 0.811196
0.491606 0.811852
0.492316 0.812508
0.493028 0.813164
0.49374 0.81382
0.494452 0.814476
0.495165 0.815131
0.495879 0.815787
0.496593 0.816443
0.497308 0.817098
0.498024 0.817754
0.49874 0.818409
0.499456 0.819065
0.500173 0.81972
0.500891 0.820375
0.501609 0.821031
0.502328 0.821686
0.503048 0.822341
0.503768 0.822996
0.504488 0.823651
0.50521 0.824306
0.505931 0.824961
0.506654 0.825616
0.507376 0.826271
0.5081 0.826926
0.508824 0.827581
0.509549 0.828235
0.510274 0.82889
0.510999 0.829544
0.511726 0.830199
0.512453 0.830853
0.51318 0.831508
0.513908 0.832162
0.514637 0.832816
0.515366 0.833471
0.516096 0.834125
0.516826 0.834779
0.517557 0.835433
0.518288 0.836087
0.51902 0.836741
0.519753 0.837394
0.520486 0.838048
0.52122 0.838702
0.521954 0.839355
0.522689 0.840009
0.523425 0.840662
0.524161 0.841316
0.524897 0.841969
0.525635 0.842622
0.526372 0.843276
0.527111 0.843929
0.527849 0.844582
0.528589 0.845235
0.529329 0.845888
0.53007 0.846541
0.530811 0.847193
0.531553 0.847846
0.532295 0.848499
0.533038 0.849151
0.533781 0.849804
0.534525 0.850456
0.53527 0.851109
0.536015 0.851761
0.536761 0.852413
0.537507 0.853065
0.538254 0.853717
0.539002 0.854369
0.53975 0.855021
0.540498 0.855673
0.541247 0.856324
0.541997 0.856976
0.542748 0.857628
0.543498 0.858279
0.54425 0.85893
0.545002 0.859582
0.545755 0.860233
0.546508 0.860884
0.547261 0.861535
0.548016 0.862186
0.548771 0.862837
0.549526 0.863488
0.550282 0.864139
0.551039 0.864789
0.551796 0.86544
0.552554 0.86609
0.553312 0.866741
0.554071 0.867391
0.55483 0.868041
0.55559 0.868691
0.556351 0.869341
0.557112 0.869991
0.557874 0.870641
0.558636 0.871291
0.559399 0.87194
0.560162 0.87259
0.560926 0.873239
0.561691 0.873889
0.562456 0.874538
0.563222 0.875187
0.563988 0.875836
0.564755 0.876485
0.565522 0.877134
0.56629 0.877783
0.567059 0.878432
0.567828 0.87908
0.568597 0.879729
0.569368 0.880377
0.570138 0.881025
0.57091 0.881674
0.571682 0.882322
0.572454 0.88297
0.573227 0.883618
0.574001 0.884266
0.574775 0.884913
0.57555 0.885561
0.576325 0.886208
0.577101 0.886856
0.577878 0.887503
0.578655 0.88815
0.579432 0.888797
0.58021 0.889444
0.580989 0.890091
0.581768 0.890738
0.582548 0.891385
0.583329 0.892031
0.58411 0.892678
0.584891 0.893324
0.585673 0.89397
0.586456 0.894617
0.587239 0.895263
0.588023 0.895908
0.588808 0.896554
0.589593 0.8972
0.590378 0.897846
0.591164 0.898491
0.591951 0.899136
0.592738 0.899782
0.593526 0.900427
0.594314 0.901072
0.595103 0.901717
0.595893 0.902362
0.596683 0.903006
0.597473 0.903651
0.598264 0.904295
0.599056 0.90494
0.599848 0.905584
0.600641 0.906228
0.601435 0.906872
0.602229 0.907516
0.603023 0.908159
0.603818 0.908803
0.604614 0.909447
0.60541 0.91009
0.606207 0.910733
0.607004 0.911376
0.607802 0.912019
0.608601 0.912662
0.6094 0.913305
0.6102 0.913948
0.611 0.91459
0.6118 0.915232
0.612602 0.915875
0.613404 0.916517
0.614206 0.917159
0.615009 0.917801
0.615813 0.918443
0.616617 0.919084
0.617421 0.919726
0.618227 0.920367
0.619032 0.921008
0.619839 0.921649
0.620646 0.92229
0.621453 0.922931
0.622261 0.923572
0.62307 0.924213
0.623879 0.924853
0.624689 0.925493
0.625499 0.926134
0.62631 0.926774
0.627121 0.927414
0.627933 0.928053
0.628746 0.928693
0.629559 0.929333
0.630373 0.929972
0.631187 0.930611
0.632001 0.93125
0.632817 0.931889
0.633633 0.932528
0.634449 0.933167
0.635266 0.933805
0.636084 0.934444
0.636902 0.935082
0.63772 0.93572
0.63854 0.936358
0.63936 0.936996
0.64018 0.937634
0.641001 0.938271
0.641822 0.938909
0.642644 0.939546
0.643467 0.940183
0.64429 0.94082
0.645114 0.941457
0.645938 0.942094
0.646763 0.94273
0.647588 0.943367
0.648414 0.944003
0.649241 0.944639
0.650068 0.945275
0.650895 0.945911
0.651723 0.946547
0.652552 0.947182
0.653381 0.947818
0.654211 0.948453
0.655042 0.949088
0.655872 0.949723
0.656704 0.950358
0.657536 0.950992
0.658369 0.951627
0.659202 0.952261
0.660035 0.952895
0.66087 0.953529
0.661705 0.954163
0.66254 0.954797
0.663376 0.955431
0.664212 0.956064
0.665049 0.956697
0.665887 0.95733
0.666725 0.957963
0.667564 0.958596
0.668403 0.959229
0.669243 0.959861
0.670083 0.960493
0.670924 0.961125
0.671766 0.961757
0.672608 0.962389
0.67345 0.963021
0.674293 0.963652
0.675137 0.964284
0.675981 0.964915
0.676826 0.965546
0.677671 0.966177
0.678517 0.966807
0.679364 0.967438
0.680211 0.968068
0.681058 0.968698
0.681906 0.969328
0.682755 0.969958
0.683604 0.970588
0.684454 0.971217
0.685304 0.971847
0.686155 0.972476
0.687006 0.973105
0.687858 0.973734
0.688711 0.974362
0.689564 0.974991
0.690418 0.975619
0.691272 0.976247
0.692126 0.976875
0.692982 0.977503
0.693837 0.978131
0.694694 0.978758
0.695551 0.979386
0.696408 0.980013
0.697266 0.98064
0.698125 0.981266
0.698984 0.981893
0.699843 0.982519
0.700704 0.983146
0.701564 0.983772
0.702426 0.984398
0.703287 0.985023
0.70415 0.985649
0.705013 0.986274
0.705876 0.986899
0.70674 0.987524
0.707605 0.988149
0.70847 0.988774
0.709336 0.989398
0.710202 0.990022
0.711069 0.990646
0.711936 0.99127
0.712804 0.991894
0.713672 0.992518
0.714541 0.993141
0.715411 0.993764
0.716281 0.994387
0.717151 0.99501
0.718022 0.995632
0.718894 0.996255
0.719766 0.996877
0.720639 0.997499
0.721512 0.998121
0.722386 0.998743
0.72326 0.999364
0.724135 0.999985
0.725011 1.00061
0.725887 1.00123
0.726763 1.00185
0.727641 1.00247
0.728518 1.00309
0.729396 1.00371
0.730275 1.00433
0.731154 1.00495
0.732034 1.00557
0.732915 1.00619
0.733795 1.00681
0.734677 1.00743
0.735559 1.00804
0.736441 1.00866
0.737324 1.00928
0.738208 1.0099
0.739092 1.01052
0.739977 1.01114
0.740862 1.01175
0.741748 1.01237
0.742634 1.01299
0.743521 1.0136
0.744408 1.01422
0.745296 1.01484
0.746185 1.01545
0.747074 1.01607
0.747963 1.01669
0.748854 1.0173
0.749744 1.01792
0.750635 1.01853
0.751527 1.01915
0.752419 1.01976
0.753312 1.02038
0.754205 1.02099
0.755099 1.02161
0.755994 1.02222
0.756889 1.02284
0.757784 1.02345
0.75868 1.02406
0.759577 1.02468
0.760474 1.02529
0.761371 1.0259
0.762269 1.02651
0.763168 1.02713
0.764067 1.02774
0.764967 1.02835
0.765867 1.02896
0.766768 1.02957
0.76767 1.03019
0.768571 1.0308
0.769474 1.03141
0.770377 1.03202
0.77128 1.03263
0.772184 1.03324
0.773089 1.03385
0.773994 1.03446
0.7749 1.03507
0.775806 1.03568
0.776713 1.03629
0.77762 1.0369
0.778528 1.03751
0.779436 1.03811
0.780345 1.03872
0.781254 1.03933
0.782164 1.03994
0.783074 1.04055
0.783985 1.04115
0.784897 1.04176
0.785809 1.04237
0.786722 1.04298
0.787635 1.04358
0.788548 1.04419
0.789462 1.0448
0.790377 1.0454
0.791292 1.04601
0.792208 1.04661
0.793124 1.04722
0.794041 1.04782
0.794958 1.04843
0.795876 1.04903
0.796795 1.04964
0.797714 1.05024
0.798633 1.05084
0.799553 1.05145
0.800474 1.05205
0.801395 1.05265
0.802316 1.05326
0.803238 1.05386
0.804161 1.05446
0.805084 1.05507
0.806008 1.05567
0.806932 1.05627
0.807857 1.05687
0.808782 1.05747
0.809708 1.05807
0.810634 1.05867
0.811561 1.05927
0.812488 1.05988
0.813416 1.06048
0.814344 1.06108
0.815273 1.06167
0.816203 1.06227
0.817133 1.06287
0.818063 1.06347
0.818994 1.06407
0.819926 1.06467
0.820858 1.06527
0.821791 1.06587
0.822724 1.06646
0.823657 1.06706
0.824592 1.06766
0.825526 1.06826
0.826461 1.06885
0.827397 1.06945
0.828333 1.07005
0.82927 1.07064
0.830207 1.07124
0.831145 1.07183
0.832084 1.07243
0.833023 1.07302
0.833962 1.07362
0.834902 1.07421
0.835842 1.07481
0.836783 1.0754
0.837725 1.076
0.838667 1.07659
0.839609 1.07718
0.840552 1.07778
0.841496 1.07837
0.84244 1.07896
0.843384 1.07955
0.844329 1.08015
0.845275 1.08074
0.846221 1.08133
0.847168 1.08192
0.848115 1.08251
0.849063 1.0831
0.850011 1.08369
0.85096 1.08428
0.851909 1.08487
0.852859 1.08546
0.853809 1.08605
0.85476 1.08664
0.855711 1.08723
0.856663 1.08782
0.857615 1.08841
0.858568 1.089
0.859521 1.08959
0.860475 1.09017
0.86143 1.09076
0.862385 1.09135
0.86334 1.09194
0.864296 1.09252
0.865252 1.09311
0.866209 1.09369
0.867167 1.09428
0.868125 1.09487
0.869083 1.09545
0.870042 1.09604
0.871002 1.09662
0.871962 1.09721
0.872922 1.09779
0.873883 1.09838
0.874845 1.09896
0.875807 1.09954
0.87677 1.10013
0.877733 1.10071
0.878696 1.10129
0.879661 1.10187
0.880625 1.10246
0.88159 1.10304
0.882556 1.10362
0.883522 1.1042
0.884489 1.10478
0.885456 1.10536
0.886424 1.10594
0.887392 1.10653
0.888361 1.10711
0.88933 1.10769
0.890299 1.10826
0.89127 1.10884
0.89224 1.10942
0.893212 1.11
0.894183 1.11058
0.895156 1.11116
0.896128 1.11174
0.897102 1.11231
0.898075 1.11289
0.89905 1.11347
0.900024 1.11405
0.901 1.11462
0.901976 1.1152
0.902952 1.11577
0.903929 1.11635
0.904906 1.11693
0.905884 1.1175
0.906862 1.11808
0.907841 1.11865
0.90882 1.11922
0.9098 1.1198
0.91078 1.12037
0.911761 1.12095
0.912742 1.12152
0.913724 1.12209
0.914707 1.12266
0.915689 1.12324
0.916673 1.12381
0.917657 1.12438
0.918641 1.12495
0.919626 1.12552
0.920611 1.12609
0.921597 1.12666
0.922583 1.12723
0.92357 1.1278
0.924557 1.12837
0.925545 1.12894
0.926533 1.12951
0.927522 1.13008
0.928512 1.13065
0.929501 1.13122
0.930492 1.13179
0.931482 1.13235
0.932474 1.13292
0.933466 1.13349
0.934458 1.13406
0.935451 1.13462
0.936444 1.13519
0.937438 1.13575
0.938432 1.13632
0.939427 1.13689
0.940422 1.13745
0.941418 1.13802
0.942414 1.13858
0.943411 1.13914
0.944408 1.13971
0.945406 1.14027
0.946404 1.14084
0.947403 1.1414
0.948402 1.14196
0.949402 1.14252
0.950402 1.14309
0.951403 1.14365
0.952404 1.14421
0.953405 1.14477
0.954408 1.14533
0.95541 1.14589
0.956413 1.14645
0.957417 1.14701
0.958421 1.14757
0.959426 1.14813
0.960431 1.14869
0.961436 1.14925
0.962443 1.14981
0.963449 1.15037
0.964456 1.15092
0.965464 1.15148
0.966472 1.15204
0.96748 1.15259
0.968489 1.15315
0.969499 1.15371
0.970509 1.15426
0.971519 1.15482
0.97253 1.15538
0.973542 1.15593
0.974554 1.15648
0.975566 1.15704
0.976579 1.15759
0.977592 1.15815
0.978606 1.1587
0.97962 1.15925
0.980635 1.15981
0.981651 1.16036
0.982666 1.16091
0.983683 1.16146
0.9847 1.16202
0.985717 1.16257
0.986735 1.16312
0.987753 1.16367
0.988771 1.16422
0.989791 1.16477
0.99081 1.16532
0.99183 1.16587
0.992851 1.16642
0.993872 1.16697
0.994894 1.16752
0.995916 1.16806
0.996938 1.16861
0.997961 1.16916
0.998985 1.16971
1.00001 1.17025
1.00103 1.1708
1.00206 1.17135
1.00308 1.17189
1.00411 1.17244
1.00514 1.17298
1.00616 1.17353
1.00719 1.17407
1.00822 1.17462
1.00925 1.17516
1.01027 1.1757
1.0113 1.17625
1.01233 1.17679
1.01336 1.17733
1.01439 1.17788
1.01543 1.17842
1.01646 1.17896
1.01749 1.1795
1.01852 1.18004
1.01956 1.18058
1.02059 1.18112
1.02162 1.18166
1.02266 1.1822
1.02369 1.18274
1.02473 1.18328
1.02576 1.18382
1.0268 1.18436
1.02784 1.1849
1.02887 1.18544
1.02991 1.18597
1.03095 1.18651
1.03199 1.18705
1.03303 1.18758
1.03407 1.18812
1.03511 1.18865
1.03615 1.18919
1.03719 1.18973
1.03823 1.19026
1.03927 1.19079
1.04031 1.19133
1.04136 1.19186
1.0424 1.1924
1.04344 1.19293
1.04449 1.19346
1.04553 1.19399
1.04658 1.19453
1.04762 1.19506
1.04867 1.19559
1.04972 1.19612
1.05076 1.19665
1.05181 1.19718
1.05286 1.19771
1.05391 1.19824
1.05496 1.19877
1.05601 1.1993
1.05706 1.19983
1.05811 1.20036
1.05916 1.20088
1.06021 1.20141
1.06126 1.20194
1.06231 1.20247
1.06337 1.20299
1.06442 1.20352
1.06547 1.20405
1.06653 1.20457
1.06758 1.2051
1.06864 1.20562
1.06969 1.20615
1.07075 1.20667
1.0718 1.20719
1.07286 1.20772
1.07392 1.20824
1.07498 1.20876
1.07603 1.20929
1.07709 1.20981
1.07815 1.21033
1.07921 1.21085
1.08027 1.21137
1.08133 1.21189
1.08239 1.21241
1.08345 1.21293
1.08452 1.21345
1.08558 1.21397
1.08664 1.21449
1.0877 1.21501
1.08877 1.21553
1.08983 1.21605
1.0909 1.21656
1.09196 1.21708
1.09303 1.2176
1.09409 1.21811
1.09516 1.21863
1.09622 1.21915
1.09729 1.21966
1.09836 1.22018
1.09943 1.22069
1.1005 1.2212
1.10157 1.22172
1.10264 1.22223
1.10371 1.22275
1.10478 1.22326
1.10585 1.22377
1.10692 1.22428
1.10799 1.22479
1.10906 1.22531
1.11013 1.22582
1.11121 1.22633
1.11228 1.22684
1.11335 1.22735
1.11443 1.22786
1.1155 1.22837
1.11658 1.22888
1.11766 1.22938
1.11873 1.22989
1.11981 1.2304
1.12089 1.23091
1.12196 1.23141
1.12304 1.23192
1.12412 1.23243
1.1252 1.23293
1.12628 1.23344
1.12736 1.23394
1.12844 1.23445
1.12952 1.23495
1.1306 1.23546
1.13168 1.23596
1.13276 1.23646
1.13384 1.23697
1.13493 1.23747
1.13601 1.23797
1.13709 1.23847
1.13818 1.23897
1.13926 1.23948
1.14035 1.23998
1.14143 1.24048
1.14252 1.24098
1.14361 1.24148
1.14469 1.24198
1.14578 1.24247
1.14687 1.24297
1.14796 1.24347
1.14904 1.24397
1.15013 1.24447
1.15122 1.24496
1.15231 1.24546
1.1534 1.24596
1.15449 1.24645
1.15558 1.24695
1.15668 1.24744
1.15777 1.24794
1.15886 1.24843
1.15995 1.24893
1.16105 1.24942
1.16214 1.24991
1.16323 1.2504
1.16433 1.2509
1.16542 1.25139
1.16652 1.25188
1.16762 1.25237
1.16871 1.25286
1.16981 1.25335
1.17091 1.25384
1.172 1.25433
1.1731 1.25482
1.1742 1.25531
1.1753 1.2558
1.1764 1.25629
1.1775 1.25678
1.1786 1.25726
1.1797 1.25775
1.1808 1.25824
1.1819 1.25872
1.183 1.25921
1.1841 1.25969
1.18521 1.26018
1.18631 1.26066
1.18741 1.26115
1.18852 1.26163
1.18962 1.26212
1.19073 1.2626
1.19183 1.26308
1.19294 1.26356
1.19404 1.26405
1.19515 1.26453
1.19626 1.26501
1.19737 1.26549
1.19847 1.26597
1.19958 1.26645
1.20069 1.26693
1.2018 1.26741
1.20291 1.26789
1.20402 1.26837
1.20513 1.26884
1.20624 1.26932
1.20735 1.2698
1.20846 1.27028
1.20957 1.27075
1.21069 1.27123
1.2118 1.2717
1.21291 1.27218
1.21403 1.27265
1.21514 1.27313
1.21625 1.2736
1.21737 1.27408
1.21848 1.27455
1.2196 1.27502
1.22072 1.27549
1.22183 1.27597
1.22295 1.27644
1.22407 1.27691
1.22519 1.27738
1.2263 1.27785
1.22742 1.27832
1.22854 1.27879
1.22966 1.27926
1.23078 1.27973
1.2319 1.2802
1.23302 1.28067
1.23414 1.28113
1.23526 1.2816
1.23639 1.28207
1.23751 1.28253
1.23863 1.283
1.23975 1.28346
1.24088 1.28393
1.242 1.28439
1.24313 1.28486
1.24425 1.28532
1.24538 1.28579
1.2465 1.28625
1.24763 1.28671
1.24875 1.28717
1.24988 1.28764
1.25101 1.2881
1.25213 1.28856
1.25326 1.28902
1.25439 1.28948
1.25552 1.28994
1.25665 1.2904
1.25778 1.29086
1.25891 1.29132
1.26004 1.29178
1.26117 1.29223
1.2623 1.29269
1.26343 1.29315
1.26456 1.2936
1.2657 1.29406
1.26683 1.29452
1.26796 1.29497
1.2691 1.29543
1.27023 1.29588
1.27136 1.29633
1.2725 1.29679
1.27363 1.29724
1.27477 1.29769
1.27591 1.29815
1.27704 1.2986
1.27818 1.29905
1.27932 1.2995
1.28045 1.29995
1.28159 1.3004
1.28273 1.30085
1.28387 1.3013
1.28501 1.30175
1.28615 1.3022
1.28729 1.30265
1.28843 1.30309
1.28957 1.30354
1.29071 1.30399
1.29185 1.30444
1.29299 1.30488
1.29414 1.30533
1.29528 1.30577
1.29642 1.30622
1.29756 1.30666
1.29871 1.3071
1.29985 1.30755
1.301 1.30799
1.30214 1.30843
1.30329 1.30888
1.30443 1.30932
1.30558 1.30976
1.30673 1.3102
1.30787 1.31064
1.30902 1.31108
1.31017 1.31152
1.31132 1.31196
1.31246 1.3124
1.31361 1.31284
1.31476 1.31328
1.31591 1.31371
1.31706 1.31415
1.31821 1.31459
1.31936 1.31502
1.32051 1.31546
1.32167 1.31589
1.32282 1.31633
1.32397 1.31676
1.32512 1.3172
1.32627 1.31763
1.32743 1.31806
1.32858 1.3185
1.32974 1.31893
1.33089 1.31936
1.33205 1.31979
1.3332 1.32022
1.33436 1.32065
1.33551 1.32108
1.33667 1.32151
1.33783 1.32194
1.33898 1.32237
1.34014 1.3228
1.3413 1.32323
1.34246 1.32366
1.34362 1.32408
1.34477 1.32451
1.34593 1.32494
1.34709 1.32536
1.34825 1.32579
1.34941 1.32621
1.35058 1.32664
1.35174 1.32706
1.3529 1.32748
1.35406 1.32791
1.35522 1.32833
1.35639 1.32875
1.35755 1.32917
1.35871 1.3296
1.35988 1.33002
1.36104 1.33044
1.3622 1.33086
1.36337 1.33128
1.36454 1.3317
1.3657 1.33211
1.36687 1.33253
1.36803 1.33295
1.3692 1.33337
1.37037 1.33378
1.37153 1.3342
1.3727 1.33462
1.37387 1.33503
1.37504 1.33545
1.37621 1.33586
1.37738 1.33628
1.37855 1.33669
1.37972 1.3371
1.38089 1.33752
1.38206 1.33793
1.38323 1.33834
1.3844 1.33875
1.38557 1.33916
1.38675 1.33957
1.38792 1.33999
1.38909 1.34039
1.39026 1.3408
1.39144 1.34121
1.39261 1.34162
1.39379 1.34203
1.39496 1.34244
1.39614 1.34284
1.39731 1.34325
1.39849 1.34366
1.39966 1.34406
1.40084 1.34447
1.40202 1.34487
1.40319 1.34528
1.40437 1.34568
1.40555 1.34608
1.40673 1.34649
1.40791 1.34689
1.40909 1.34729
1.41027 1.34769
1.41144 1.34809
1.41263 1.34849
1.41381 1.3489
1.41499 1.34929
1.41617 1.34969
1.41735 1.35009
1.41853 1.35049
1.41971 1.35089
1.4209 1.35129
1.42208 1.35168
1.42326 1.35208
1.42444 1.35248
1.42563 1.35287
1.42681 1.35327
1.428 1.35366
1.42918 1.35406
1.43037 1.35445
1.43155 1.35484
1.43274 1.35524
1.43393 1.35563
1.43511 1.35602
1.4363 1.35641
1.43749 1.3568
1.43867 1.35719
1.43986 1.35758
1.44105 1.35797
1.44224 1.35836
1.44343 1.35875
1.44462 1.35914
1.44581 1.35953
1.447 1.35991
1.44819 1.3603
1.44938 1.36069
1.45057 1.36107
1.45176 1.36146
1.45295 1.36184
1.45414 1.36223
1.45534 1.36261
1.45653 1.363
1.45772 1.36338
1.45892 1.36376
1.46011 1.36414
1.4613 1.36453
1.4625 1.36491
1.46369 1.36529
1.46489 1.36567
1.46608 1.36605
1.46728 1.36643
1.46848 1.36681
1.46967 1.36718
1.47087 1.36756
1.47207 1.36794
1.47326 1.36832
1.47446 1.36869
1.47566 1.36907
1.47686 1.36945
1.47806 1.36982
1.47926 1.3702
1.48045 1.37057
1.48165 1.37094
1.48285 1.37132
1.48405 1.37169
1.48526 1.37206
1.48646 1.37243
1.48766 1.3728
1.48886 1.37318
1.49006 1.37355
1.49126 1.37392
1.49247 1.37428
1.49367 1.37465
1.49487 1.37502
1.49608 1.37539
1.49728 1.37576
1.49848 1.37612
1.49969 1.37649
1.50089 1.37686
1.5021 1.37722
1.5033 1.37759
1.50451 1.37795
1.50572 1.37832
1.50692 1.37868
1.50813 1.37904
1.50934 1.37941
1.51054 1.37977
1.51175 1.38013
1.51296 1.38049
1.51417 1.38085
1.51538 1.38121
1.51659 1.38157
1.5178 1.38193
1.51901 1.38229
1.52022 1.38265
1.52143 1.38301
1.52264 1.38336
1.52385 1.38372
1.52506 1.38408
1.52627 1.38443
1.52748 1.38479
1.52869 1.38514
1.52991 1.3855
1.53112 1.38585
1.53233 1.38621
1.53355 1.38656
1.53476 1.38691
1.53597 1.38726
1.53719 1.38762
1.5384 1.38797
1.53962 1.38832
1.54083 1.38867
1.54205 1.38902
1.54326 1.38937
1.54448 1.38971
1.5457 1.39006
1.54691 1.39041
1.54813 1.39076
1.54935 1.3911
1.55056 1.39145
1.55178 1.3918
1.553 1.39214
1.55422 1.39249
1.55544 1.39283
1.55666 1.39317
1.55788 1.39352
1.5591 1.39386
1.56032 1.3942
1.56154 1.39454
1.56276 1.39489
1.56398 1.39523
1.5652 1.39557
1.56642 1.39591
1.56764 1.39625
1.56887 1.39658
1.57009 1.39692
1.57131 1.39726
1.57253 1.3976
1.57376 1.39793
1.57498 1.39827
1.57621 1.39861
1.57743 1.39894
1.57865 1.39928
1.57988 1.39961
1.5811 1.39995
1.58233 1.40028
1.58355 1.40061
1.58478 1.40094
1.58601 1.40128
1.58723 1.40161
1.58846 1.40194
1.58969 1.40227
1.59092 1.4026
1.59214 1.40293
1.59337 1.40326
1.5946 1.40359
1.59583 1.40391
1.59706 1.40424
1.59829 1.40457
1.59952 1.40489
1.60074 1.40522
1.60197 1.40555
1.60321 1.40587
1.60444 1.40619
1.60567 1.40652
1.6069 1.40684
1.60813 1.40716
1.60936 1.40749
1.61059 1.40781
1.61183 1.40813
1.61306 1.40845
1.61429 1.40877
1.61552 1.40909
1.61676 1.40941
1.61799 1.40973
1.61922 1.41005
1.62046 1.41037
1.62169 1.41068
1.62293 1.411
1.62416 1.41132
1.6254 1.41163
1.62663 1.41195
1.62787 1.41226
1.62911 1.41258
1.63034 1.41289
1.63158 1.4132
1.63282 1.41352
1.63405 1.41383
1.63529 1.41414
1.63653 1.41445
1.63777 1.41476
1.63901 1.41507
1.64024 1.41538
1.64148 1.41569
1.64272 1.416
1.64396 1.41631
1.6452 1.41662
1.64644 1.41692
1.64768 1.41723
1.64892 1.41754
1.65016 1.41784
1.6514 1.41815
1.65265 1.41845
1.65389 1.41876
1.65513 1.41906
1.65637 1.41936
1.65761 1.41967
1.65886 1.41997
1.6601 1.42027
1.66134 1.42057
1.66259 1.42087
1.66383 1.42117
1.66507 1.42147
1.66632 1.42177
1.66756 1.42207
1.66881 1.42237
1.67005 1.42266
1.6713 1.42296
1.67254 1.42326
1.67379 1.42355
1.67503 1.42385
1.67628 1.42414
1.67753 1.42444
1.67877 1.42473
1.68002 1.42503
1.68127 1.42532
1.68252 1.42561
1.68376 1.4259
1.68501 1.42619
1.68626 1.42649
1.68751 1.42678
1.68876 1.42707
1.69001 1.42735
1.69126 1.42764
1.69251 1.42793
1.69376 1.42822
1.69501 1.42851
1.69626 1.42879
1.69751 1.42908
1.69876 1.42937
1.70001 1.42965
1.70126 1.42994
1.70251 1.43022
1.70376 1.4305
1.70502 1.43079
1.70627 1.43107
1.70752 1.43135
1.70877 1.43163
1.71003 1.43191
1.71128 1.43219
1.71253 1.43247
1.71379 1.43275
1.71504 1.43303
1.7163 1.43331
1.71755 1.43359
1.71881 1.43386
1.72006 1.43414
1.72132 1.43442
1.72257 1.43469
1.72383 1.43497
1.72508 1.43524
1.72634 1.43552
1.7276 1.43579
1.72885 1.43606
1.73011 1.43634
1.73137 1.43661
1.73262 1.43688
1.73388 1.43715
1.73514 1.43742
1.7364 1.43769
1.73766 1.43796
1.73892 1.43823
1.74017 1.4385
1.74143 1.43877
1.74269 1.43903
1.74395 1.4393
1.74521 1.43957
1.74647 1.43983
1.74773 1.4401
1.74899 1.44036
1.75025 1.44063
1.75151 1.44089
1.75278 1.44115
1.75404 1.44142
1.7553 1.44168
1.75656 1.44194
1.75782 1.4422
1.75909 1.44246
1.76035 1.44272
1.76161 1.44298
1.76287 1.44324
1.76414 1.4435
1.7654 1.44376
1.76666 1.44401
1.76793 1.44427
1.76919 1.44453
1.77046 1.44478
1.77172 1.44504
1.77299 1.44529
1.77425 1.44555
1.77552 1.4458
1.77678 1.44605
1.77805 1.44631
1.77931 1.44656
1.78058 1.44681
1.78185 1.44706
1.78311 1.44731
1.78438 1.44756
1.78565 1.44781
1.78691 1.44806
1.78818 1.44831
1.78945 1.44855
1.79072 1.4488
1.79198 1.44905
1.79325 1.44929
1.79452 1.44954
1.79579 1.44978
1.79706 1.45003
1.79833 1.45027
1.7996 1.45052
1.80087 1.45076
1.80214 1.451
1.80341 1.45124
1.80468 1.45149
1.80595 1.45173
1.80722 1.45197
1.80849 1.45221
1.80976 1.45244
1.81103 1.45268
1.8123 1.45292
1.81358 1.45316
1.81485 1.4534
1.81612 1.45363
1.81739 1.45387
1.81866 1.4541
1.81994 1.45434
1.82121 1.45457
1.82248 1.45481
1.82376 1.45504
1.82503 1.45527
1.8263 1.45551
1.82758 1.45574
1.82885 1.45597
1.83013 1.4562
1.8314 1.45643
1.83268 1.45666
1.83395 1.45689
1.83523 1.45712
1.8365 1.45734
1.83778 1.45757
1.83905 1.4578
1.84033 1.45802
1.8416 1.45825
1.84288 1.45847
1.84416 1.4587
1.84543 1.45892
1.84671 1.45915
1.84799 1.45937
1.84927 1.45959
1.85054 1.45981
1.85182 1.46004
1.8531 1.46026
1.85438 1.46048
1.85566 1.4607
1.85693 1.46092
1.85821 1.46113
1.85949 1.46135
1.86077 1.46157
1.86205 1.46179
1.86333 1.462
1.86461 1.46222
1.86589 1.46243
1.86717 1.46265
1.86845 1.46286
1.86973 1.46308
1.87101 1.46329
1.87229 1.4635
1.87357 1.46372
1.87485 1.46393
1.87613 1.46414
1.87742 1.46435
1.8787 1.46456
1.87998 1.46477
1.88126 1.46498
1.88254 1.46519
1.88383 1.46539
1.88511 1.4656
1.88639 1.46581
1.88768 1.46601
1.88896 1.46622
1.89024 1.46642
1.89153 1.46663
1.89281 1.46683
1.89409 1.46704
1.89538 1.46724
1.89666 1.46744
1.89795 1.46764
1.89923 1.46784
1.90051 1.46804
1.9018 1.46824
1.90308 1.46844
1.90437 1.46864
1.90566 1.46884
1.90694 1.46904
1.90823 1.46924
1.90951 1.46943
1.9108 1.46963
1.91209 1.46983
1.91337 1.47002
1.91466 1.47021
1.91595 1.47041
1.91723 1.4706
1.91852 1.4708
1.91981 1.47099
1.92109 1.47118
1.92238 1.47137
1.92367 1.47156
1.92496 1.47175
1.92625 1.47194
1.92753 1.47213
1.92882 1.47232
1.93011 1.47251
1.9314 1.47269
1.93269 1.47288
1.93398 1.47307
1.93527 1.47325
1.93656 1.47344
1.93785 1.47362
1.93914 1.47381
1.94043 1.47399
1.94172 1.47417
1.94301 1.47436
1.9443 1.47454
1.94559 1.47472
1.94688 1.4749
1.94817 1.47508
1.94946 1.47526
1.95075 1.47544
1.95204 1.47562
1.95334 1.4758
1.95463 1.47597
1.95592 1.47615
1.95721 1.47633
1.9585 1.4765
1.9598 1.47668
1.96109 1.47685
1.96238 1.47703
1.96367 1.4772
1.96497 1.47737
1.96626 1.47755
1.96755 1.47772
1.96885 1.47789
1.97014 1.47806
1.97143 1.47823
1.97273 1.4784
1.97402 1.47857
1.97532 1.47874
1.97661 1.47891
1.9779 1.47907
1.9792 1.47924
1.98049 1.47941
1.98179 1.47957
1.98308 1.47974
1.98438 1.4799
1.98567 1.48007
1.98697 1.48023
1.98827 1.48039
1.98956 1.48056
1.99086 1.48072
1.99215 1.48088
1.99345 1.48104
1.99475 1.4812
1.99604 1.48136
1.99734 1.48152
1.99863 1.48168
1.99993 1.48184
2.00123 1.48199
2.00253 1.48215
2.00382 1.48231
2.00512 1.48246
2.00642 1.48262
2.00772 1.48277
2.00901 1.48293
2.01031 1.48308
2.01161 1.48323
2.01291 1.48338
2.01421 1.48354
2.0155 1.48369
2.0168 1.48384
2.0181 1.48399
2.0194 1.48414
2.0207 1.48429
2.022 1.48444
2.0233 1.48458
2.0246 1.48473
2.0259 1.48488
2.0272 1.48502
2.0285 1.48517
2.0298 1.48531
2.0311 1.48546
2.0324 1.4856
2.0337 1.48575
2.035 1.48589
2.0363 1.48603
2.0376 1.48617
2.0389 1.48631
2.0402 1.48645
2.0415 1.48659
2.0428 1.48673
2.0441 1.48687
2.04541 1.48701
2.04671 1.48715
2.04801 1.48729
2.04931 1.48742
2.05061 1.48756
2.05191 1.48769
2.05322 1.48783
2.05452 1.48796
2.05582 1.4881
2.05712 1.48823
2.05843 1.48836
2.05973 1.4885
2.06103 1.48863
2.06233 1.48876
2.06364 1.48889
2.06494 1.48902
2.06624 1.48915
2.06755 1.48928
2.06885 1.48941
2.07015 1.48953
2.07146 1.48966
2.07276 1.48979
2.07407 1.48991
2.07537 1.49004
2.07667 1.49016
2.07798 1.49029
2.07928 1.49041
2.08059 1.49053
2.08189 1.49066
2.0832 1.49078
2.0845 1.4909
2.08581 1.49102
2.08711 1.49114
2.08842 1.49126
2.08972 1.49138
2.09103 1.4915
2.09233 1.49162
2.09364 1.49173
2.09494 1.49185
2.09625 1.49197
2.09755 1.49208
2.09886 1.4922
2.10017 1.49231
2.10147 1.49243
2.10278 1.49254
2.10409 1.49265
2.10539 1.49276
2.1067 1.49288
2.10801 1.49299
2.10931 1.4931
2.11062 1.49321
2.11193 1.49332
2.11323 1.49343
2.11454 1.49354
2.11585 1.49364
2.11715 1.49375
2.11846 1.49386
2.11977 1.49396
2.12108 1.49407
2.12238 1.49417
2.12369 1.49428
2.125 1.49438
2.12631 1.49448
2.12762 1.49459
2.12892 1.49469
2.13023 1.49479
2.13154 1.49489
2.13285 1.49499
2.13416 1.49509
2.13547 1.49519
2.13677 1.49529
2.13808 1.49539
2.13939 1.49549
2.1407 1.49558
2.14201 1.49568
2.14332 1.49578
2.14463 1.49587
2.14594 1.49597
2.14725 1.49606
2.14856 1.49615
2.14987 1.49625
2.15118 1.49634
2.15249 1.49643
2.15379 1.49652
2.1551 1.49661
2.15641 1.4967
2.15772 1.49679
2.15903 1.49688
2.16034 1.49697
2.16165 1.49706
2.16297 1.49714
2.16428 1.49723
2.16559 1.49732
2.1669 1.4974
2.16821 1.49749
2.16952 1.49757
2.17083 1.49766
2.17214 1.49774
2.17345 1.49782
2.17476 1.4979
2.17607 1.49799
2.17738 1.49807
2.17869 1.49815
2.18001 1.49823
2.18132 1.49831
2.18263 1.49839
2.18394 1.49846
2.18525 1.49854
2.18656 1.49862
2.18787 1.49869
2.18919 1.49877
2.1905 1.49885
2.19181 1.49892
2.19312 1.49899
2.19443 1.49907
2.19575 1.49914
2.19706 1.49921
2.19837 1.49929
2.19968 1.49936
2.20099 1.49943
2.20231 1.4995
2.20362 1.49957
2.20493 1.49964
2.20624 1.4997
2.20756 1.49977
2.20887 1.49984
2.21018 1.49991
2.2115 1.49997
2.21281 1.50004
2.21412 1.5001
2.21543 1.50017
2.21675 1.50023
2.21806 1.50029
2.21937 1.50036
2.22069 1.50042
2.222 1.50048
2.22331 1.50054
2.22463 1.5006
2.22594 1.50066
2.22725 1.50072
2.22857 1.50078
2.22988 1.50084
2.23119 1.5009
2.23251 1.50095
2.23382 1.50101
2.23513 1.50106
2.23645 1.50112
2.23776 1.50117
2.23908 1.50123
2.24039 1.50128
2.2417 1.50134
2.24302 1.50139
2.24433 1.50144
2.24565 1.50149
2.24696 1.50154
2.24827 1.50159
2.24959 1.50164
2.2509 1.50169
2.25222 1.50174
2.25353 1.50179
2.25485 1.50183
2.25616 1.50188
2.25747 1.50193
2.25879 1.50197
2.2601 1.50202
2.26142 1.50206
2.26273 1.5021
2.26405 1.50215
2.26536 1.50219
2.26668 1.50223
2.26799 1.50227
2.26931 1.50231
2.27062 1.50235
2.27194 1.50239
2.27325 1.50243
2.27457 1.50247
2.27588 1.50251
2.2772 1.50255
2.27851 1.50258
2.27983 1.50262
2.28114 1.50266
2.28246 1.50269
2.28377 1.50273
2.28509 1.50276
2.2864 1.50279
2.28772 1.50283
2.28903 1.50286
2.29035 1.50289
2.29166 1.50292
2.29298 1.50295
2.29429 1.50298
2.29561 1.50301
2.29693 1.50304
2.29824 1.50307
2.29956 1.5031
2.30087 1.50312
2.30219 1.50315
2.3035 1.50317
2.30482 1.5032
2.30613 1.50323
2.30745 1.50325
2.30877 1.50327
2.31008 1.5033
2.3114 1.50332
2.31271 1.50334
2.31403 1.50336
2.31534 1.50338
2.31666 1.5034
2.31798 1.50342
2.31929 1.50344
2.32061 1.50346
2.32192 1.50348
2.32324 1.50349
2.32456 1.50351
2.32587 1.50353
2.32719 1.50354
2.3285 1.50356
2.32982 1.50357
2.33114 1.50359
2.33245 1.5036
2.33377 1.50361
2.33508 1.50362
2.3364 1.50364
2.33772 1.50365
2.33903 1.50366
2.34035 1.50367
2.34166 1.50368
2.34298 1.50368
2.3443 1.50369
2.34561 1.5037
2.34693 1.50371
2.34824 1.50371
2.34956 1.50372
2.35088 1.50372
2.35219 1.50373
2.35351 1.50373
2.35482 1.50374
2.35614 1.50374
2.35746 1.50374
2.35877 1.50374
2.36009 1.50374
2.3614 1.50375
2.36272 1.50375
2.36404 1.50374
2.36535 1.50374
2.36667 1.50374
2.36798 1.50374
2.3693 1.50374
2.37062 1.50373
2.37193 1.50373
2.37325 1.50372
2.37457 1.50372
2.37588 1.50371
2.3772 1.50371
2.37851 1.5037
2.37983 1.50369
2.38115 1.50368
2.38246 1.50368
2.38378 1.50367
2.38509 1.50366
2.38641 1.50365
2.38773 1.50364
2.38904 1.50362
2.39036 1.50361
2.39167 1.5036
2.39299 1.50359
2.39431 1.50357
2.39562 1.50356
2.39694 1.50354
2.39825 1.50353
2.39957 1.50351
2.40089 1.5035
2.4022 1.50348
2.40352 1.50346
2.40483 1.50344
2.40615 1.50342
2.40746 1.5034
2.40878 1.50338
2.4101 1.50336
2.41141 1.50334
2.41273 1.50332
2.41404 1.5033
2.41536 1.50327
2.41667 1.50325
2.41799 1.50323
2.41931 1.5032
2.42062 1.50318
2.42194 1.50315
2.42325 1.50312
2.42457 1.5031
2.42588 1.50307
2.4272 1.50304
2.42851 1.50301
2.42983 1.50298
2.43115 1.50295
2.43246 1.50292
2.43378 1.50289
2.43509 1.50286
2.43641 1.50283
2.43772 1.50279
2.43904 1.50276
2.44035 1.50273
2.44167 1.50269
2.44298 1.50266
2.4443 1.50262
2.44561 1.50258
2.44693 1.50255
2.44824 1.50251
2.44956 1.50247
2.45087 1.50243
2.45219 1.5024
2.4535 1.50236
2.45482 1.50232
2.45613 1.50227
2.45745 1.50223
2.45876 1.50219
2.46008 1.50215
2.46139 1.50211
2.46271 1.50206
2.46402 1.50202
2.46534 1.50197
2.46665 1.50193
2.46796 1.50188
2.46928 1.50183
2.47059 1.50179
2.47191 1.50174
2.47322 1.50169
2.47454 1.50164
2.47585 1.50159
2.47716 1.50154
2.47848 1.50149
2.47979 1.50144
2.48111 1.50139
2.48242 1.50134
2.48374 1.50128
2.48505 1.50123
2.48636 1.50118
2.48768 1.50112
2.48899 1.50107
2.4903 1.50101
2.49162 1.50095
2.49293 1.5009
2.49425 1.50084
2.49556 1.50078
2.49687 1.50072
2.49819 1.50066
2.4995 1.5006
2.50081 1.50054
2.50213 1.50048
2.50344 1.50042
2.50475 1.50036
2.50607 1.5003
2.50738 1.50023
2.50869 1.50017
2.51 1.5001
2.51132 1.50004
2.51263 1.49997
2.51394 1.49991
2.51526 1.49984
2.51657 1.49977
2.51788 1.49971
2.51919 1.49964
2.52051 1.49957
2.52182 1.4995
2.52313 1.49943
2.52444 1.49936
2.52575 1.49929
2.52707 1.49922
2.52838 1.49914
2.52969 1.49907
2.531 1.499
2.53232 1.49892
2.53363 1.49885
2.53494 1.49877
2.53625 1.4987
2.53756 1.49862
2.53887 1.49854
2.54019 1.49847
2.5415 1.49839
2.54281 1.49831
2.54412 1.49823
2.54543 1.49815
2.54674 1.49807
2.54805 1.49799
2.54936 1.49791
2.55067 1.49782
2.55199 1.49774
2.5533 1.49766
2.55461 1.49757
2.55592 1.49749
2.55723 1.49741
2.55854 1.49732
2.55985 1.49723
2.56116 1.49715
2.56247 1.49706
2.56378 1.49697
2.56509 1.49688
2.5664 1.49679
2.56771 1.4967
2.56902 1.49661
2.57033 1.49652
2.57164 1.49643
2.57295 1.49634
2.57426 1.49625
2.57557 1.49616
2.57688 1.49606
2.57819 1.49597
2.5795 1.49587
2.58081 1.49578
2.58211 1.49568
2.58342 1.49559
2.58473 1.49549
2.58604 1.49539
2.58735 1.49529
2.58866 1.49519
2.58997 1.49509
2.59128 1.49499
2.59258 1.49489
2.59389 1.49479
2.5952 1.49469
2.59651 1.49459
2.59782 1.49449
2.59913 1.49438
2.60043 1.49428
2.60174 1.49418
2.60305 1.49407
2.60436 1.49397
2.60566 1.49386
2.60697 1.49375
2.60828 1.49365
2.60959 1.49354
2.61089 1.49343
2.6122 1.49332
2.61351 1.49321
2.61481 1.4931
2.61612 1.49299
2.61743 1.49288
2.61873 1.49277
2.62004 1.49266
2.62135 1.49254
2.62265 1.49243
2.62396 1.49231
2.62526 1.4922
2.62657 1.49208
2.62788 1.49197
2.62918 1.49185
2.63049 1.49174
2.63179 1.49162
2.6331 1.4915
2.6344 1.49138
2.63571 1.49126
2.63701 1.49114
2.63832 1.49102
2.63962 1.4909
2.64093 1.49078
2.64223 1.49066
2.64354 1.49054
2.64484 1.49041
2.64615 1.49029
2.64745 1.49017
2.64876 1.49004
2.65006 1.48992
2.65136 1.48979
2.65267 1.48966
2.65397 1.48954
2.65527 1.48941
2.65658 1.48928
2.65788 1.48915
2.65918 1.48902
2.66049 1.48889
2.66179 1.48876
2.66309 1.48863
2.6644 1.4885
2.6657 1.48837
2.667 1.48823
2.6683 1.4881
2.66961 1.48797
2.67091 1.48783
2.67221 1.4877
2.67351 1.48756
2.67482 1.48743
2.67612 1.48729
2.67742 1.48715
2.67872 1.48701
2.68002 1.48688
2.68132 1.48674
2.68262 1.4866
2.68392 1.48646
2.68523 1.48632
2.68653 1.48618
2.68783 1.48603
2.68913 1.48589
2.69043 1.48575
2.69173 1.48561
2.69303 1.48546
2.69433 1.48532
2.69563 1.48517
2.69693 1.48503
2.69823 1.48488
2.69953 1.48473
2.70083 1.48459
2.70213 1.48444
2.70343 1.48429
2.70472 1.48414
2.70602 1.48399
2.70732 1.48384
2.70862 1.48369
2.70992 1.48354
2.71122 1.48339
2.71252 1.48324
2.71381 1.48308
2.71511 1.48293
2.71641 1.48277
2.71771 1.48262
2.719 1.48247
2.7203 1.48231
2.7216 1.48215
2.7229 1.482
2.72419 1.48184
2.72549 1.48168
2.72679 1.48152
2.72808 1.48136
2.72938 1.4812
2.73068 1.48104
2.73197 1.48088
2.73327 1.48072
2.73456 1.48056
2.73586 1.4804
2.73716 1.48023
2.73845 1.48007
2.73975 1.47991
2.74104 1.47974
2.74234 1.47958
2.74363 1.47941
2.74493 1.47924
2.74622 1.47908
2.74752 1.47891
2.74881 1.47874
2.7501 1.47857
2.7514 1.4784
2.75269 1.47823
2.75399 1.47806
2.75528 1.47789
2.75657 1.47772
2.75787 1.47755
2.75916 1.47738
2.76045 1.4772
2.76174 1.47703
2.76304 1.47686
2.76433 1.47668
2.76562 1.47651
2.76691 1.47633
2.76821 1.47615
2.7695 1.47598
2.77079 1.4758
2.77208 1.47562
2.77337 1.47544
2.77466 1.47526
2.77595 1.47509
2.77725 1.4749
2.77854 1.47472
2.77983 1.47454
2.78112 1.47436
2.78241 1.47418
2.7837 1.474
2.78499 1.47381
2.78628 1.47363
2.78757 1.47344
2.78886 1.47326
2.79015 1.47307
2.79144 1.47289
2.79272 1.4727
2.79401 1.47251
2.7953 1.47232
2.79659 1.47214
2.79788 1.47195
2.79917 1.47176
2.80046 1.47157
2.80174 1.47138
2.80303 1.47118
2.80432 1.47099
2.80561 1.4708
2.80689 1.47061
2.80818 1.47041
2.80947 1.47022
2.81075 1.47002
2.81204 1.46983
2.81333 1.46963
2.81461 1.46944
2.8159 1.46924
2.81718 1.46904
2.81847 1.46885
2.81976 1.46865
2.82104 1.46845
2.82233 1.46825
2.82361 1.46805
2.8249 1.46785
2.82618 1.46765
2.82746 1.46745
2.82875 1.46724
2.83003 1.46704
2.83132 1.46684
2.8326 1.46663
2.83388 1.46643
2.83517 1.46622
2.83645 1.46602
2.83773 1.46581
2.83902 1.46561
2.8403 1.4654
2.84158 1.46519
2.84286 1.46498
2.84415 1.46477
2.84543 1.46456
2.84671 1.46435
2.84799 1.46414
2.84927 1.46393
2.85055 1.46372
2.85183 1.46351
2.85312 1.4633
2.8544 1.46308
2.85568 1.46287
2.85696 1.46265
2.85824 1.46244
2.85952 1.46222
2.8608 1.46201
2.86208 1.46179
2.86335 1.46158
2.86463 1.46136
2.86591 1.46114
2.86719 1.46092
2.86847 1.4607
2.86975 1.46048
2.87103 1.46026
2.8723 1.46004
2.87358 1.45982
2.87486 1.4596
2.87614 1.45938
2.87741 1.45915
2.87869 1.45893
2.87997 1.4587
2.88124 1.45848
2.88252 1.45825
2.8838 1.45803
2.88507 1.4578
2.88635 1.45758
2.88762 1.45735
2.8889 1.45712
2.89017 1.45689
2.89145 1.45666
2.89272 1.45643
2.894 1.4562
2.89527 1.45597
2.89655 1.45574
2.89782 1.45551
2.8991 1.45528
2.90037 1.45505
2.90164 1.45481
2.90292 1.45458
2.90419 1.45434
2.90546 1.45411
2.90673 1.45387
2.90801 1.45364
2.90928 1.4534
2.91055 1.45316
2.91182 1.45293
2.91309 1.45269
2.91437 1.45245
2.91564 1.45221
2.91691 1.45197
2.91818 1.45173
2.91945 1.45149
2.92072 1.45125
2.92199 1.45101
2.92326 1.45077
2.92453 1.45052
2.9258 1.45028
2.92707 1.45003
2.92834 1.44979
2.9296 1.44955
2.93087 1.4493
2.93214 1.44905
2.93341 1.44881
2.93468 1.44856
2.93594 1.44831
2.93721 1.44806
2.93848 1.44781
2.93975 1.44757
2.94101 1.44732
2.94228 1.44707
2.94355 1.44681
2.94481 1.44656
2.94608 1.44631
2.94734 1.44606
2.94861 1.44581
2.94988 1.44555
2.95114 1.4453
2.95241 1.44504
2.95367 1.44479
2.95493 1.44453
2.9562 1.44428
2.95746 1.44402
2.95873 1.44376
2.95999 1.4435
2.96125 1.44325
2.96252 1.44299
2.96378 1.44273
2.96504 1.44247
2.9663 1.44221
2.96757 1.44195
2.96883 1.44168
2.97009 1.44142
2.97135 1.44116
2.97261 1.4409
2.97387 1.44063
2.97513 1.44037
2.97639 1.4401
2.97765 1.43984
2.97891 1.43957
2.98017 1.43931
2.98143 1.43904
2.98269 1.43877
2.98395 1.43851
2.98521 1.43824
2.98647 1.43797
2.98773 1.4377
2.98899 1.43743
2.99024 1.43716
2.9915 1.43689
2.99276 1.43662
2.99402 1.43634
2.99527 1.43607
2.99653 1.4358
2.99779 1.43552
2.99904 1.43525
3.0003 1.43498
3.00155 1.4347
3.00281 1.43442
3.00407 1.43415
3.00532 1.43387
3.00658 1.43359
3.00783 1.43332
3.00908 1.43304
3.01034 1.43276
3.01159 1.43248
3.01285 1.4322
3.0141 1.43192
3.01535 1.43164
3.01661 1.43136
3.01786 1.43107
3.01911 1.43079
3.02036 1.43051
3.02161 1.43023
3.02287 1.42994
3.02412 1.42966
3.02537 1.42937
3.02662 1.42909
3.02787 1.4288
3.02912 1.42851
3.03037 1.42823
3.03162 1.42794
3.03287 1.42765
3.03412 1.42736
3.03537 1.42707
3.03662 1.42678
3.03787 1.42649
3.03911 1.4262
3.04036 1.42591
3.04161 1.42562
3.04286 1.42533
3.04411 1.42503
3.04535 1.42474
3.0466 1.42445
3.04785 1.42415
3.04909 1.42386
3.05034 1.42356
3.05158 1.42327
3.05283 1.42297
3.05407 1.42267
3.05532 1.42237
3.05656 1.42208
3.05781 1.42178
3.05905 1.42148
3.0603 1.42118
3.06154 1.42088
3.06278 1.42058
3.06403 1.42028
3.06527 1.41998
3.06651 1.41967
3.06776 1.41937
3.069 1.41907
3.07024 1.41876
3.07148 1.41846
3.07272 1.41816
3.07396 1.41785
3.0752 1.41754
3.07644 1.41724
3.07769 1.41693
3.07893 1.41662
3.08016 1.41632
3.0814 1.41601
3.08264 1.4157
3.08388 1.41539
3.08512 1.41508
3.08636 1.41477
3.0876 1.41446
3.08884 1.41415
3.09007 1.41384
3.09131 1.41352
3.09255 1.41321
3.09378 1.4129
3.09502 1.41258
3.09626 1.41227
3.09749 1.41196
3.09873 1.41164
3.09996 1.41132
3.1012 1.41101
3.10243 1.41069
3.10367 1.41037
3.1049 1.41006
3.10614 1.40974
3.10737 1.40942
3.1086 1.4091
3.10984 1.40878
3.11107 1.40846
3.1123 1.40814
3.11353 1.40782
3.11477 1.40749
3.116 1.40717
3.11723 1.40685
3.11846 1.40653
3.11969 1.4062
3.12092 1.40588
3.12215 1.40555
3.12338 1.40523
3.12461 1.4049
3.12584 1.40458
3.12707 1.40425
3.1283 1.40392
3.12953 1.40359
3.13076 1.40326
3.13198 1.40294
3.13321 1.40261
3.13444 1.40228
3.13567 1.40195
3.13689 1.40162
3.13812 1.40128
3.13935 1.40095
3.14057 1.40062
3.1418 1.40029
3.14302 1.39995
3.14425 1.39962
3.14547 1.39929
3.1467 1.39895
3.14792 1.39861
3.14915 1.39828
3.15037 1.39794
3.15159 1.39761
3.15282 1.39727
3.15404 1.39693
3.15526 1.39659
3.15648 1.39625
3.15771 1.39591
3.15893 1.39557
3.16015 1.39523
3.16137 1.39489
3.16259 1.39455
3.16381 1.39421
3.16503 1.39387
3.16625 1.39353
3.16747 1.39318
3.16869 1.39284
3.16991 1.39249
3.17113 1.39215
3.17234 1.3918
3.17356 1.39146
3.17478 1.39111
3.176 1.39077
3.17721 1.39042
3.17843 1.39007
3.17965 1.38972
3.18086 1.38937
3.18208 1.38902
3.1833 1.38868
3.18451 1.38832
3.18573 1.38797
3.18694 1.38762
3.18815 1.38727
3.18937 1.38692
3.19058 1.38657
3.1918 1.38621
3.19301 1.38586
3.19422 1.38551
3.19543 1.38515
3.19665 1.3848
3.19786 1.38444
3.19907 1.38409
3.20028 1.38373
3.20149 1.38337
3.2027 1.38302
3.20391 1.38266
3.20512 1.3823
3.20633 1.38194
3.20754 1.38158
3.20875 1.38122
3.20996 1.38086
3.21117 1.3805
3.21238 1.38014
3.21358 1.37978
3.21479 1.37941
3.216 1.37905
3.2172 1.37869
3.21841 1.37833
3.21962 1.37796
3.22082 1.3776
3.22203 1.37723
3.22323 1.37687
3.22444 1.3765
3.22564 1.37613
3.22685 1.37577
3.22805 1.3754
3.22925 1.37503
3.23046 1.37466
3.23166 1.37429
3.23286 1.37392
3.23407 1.37355
3.23527 1.37318
3.23647 1.37281
3.23767 1.37244
3.23887 1.37207
3.24007 1.3717
3.24127 1.37132
3.24247 1.37095
3.24367 1.37058
3.24487 1.3702
3.24607 1.36983
3.24727 1.36945
3.24847 1.36908
3.24967 1.3687
3.25086 1.36833
3.25206 1.36795
3.25326 1.36757
3.25446 1.36719
3.25565 1.36682
3.25685 1.36644
3.25804 1.36606
3.25924 1.36568
3.26043 1.3653
3.26163 1.36492
3.26282 1.36453
3.26402 1.36415
3.26521 1.36377
3.2664 1.36339
3.2676 1.36301
3.26879 1.36262
3.26998 1.36224
3.27118 1.36185
3.27237 1.36147
3.27356 1.36108
3.27475 1.3607
3.27594 1.36031
3.27713 1.35992
3.27832 1.35954
3.27951 1.35915
3.2807 1.35876
3.28189 1.35837
3.28308 1.35798
3.28427 1.35759
3.28545 1.3572
3.28664 1.35681
3.28783 1.35642
3.28902 1.35603
3.2902 1.35564
3.29139 1.35525
3.29257 1.35485
3.29376 1.35446
3.29495 1.35407
3.29613 1.35367
3.29732 1.35328
3.2985 1.35288
3.29968 1.35249
3.30087 1.35209
3.30205 1.35169
3.30323 1.3513
3.30442 1.3509
3.3056 1.3505
3.30678 1.3501
3.30796 1.3497
3.30914 1.3493
3.31032 1.3489
3.3115 1.3485
3.31268 1.3481
3.31386 1.3477
3.31504 1.3473
3.31622 1.3469
3.3174 1.3465
3.31858 1.34609
3.31976 1.34569
3.32093 1.34529
3.32211 1.34488
3.32329 1.34448
3.32446 1.34407
3.32564 1.34367
3.32682 1.34326
3.32799 1.34285
3.32917 1.34245
3.33034 1.34204
3.33152 1.34163
3.33269 1.34122
3.33386 1.34081
3.33504 1.3404
3.33621 1.33999
3.33738 1.33958
3.33855 1.33917
3.33973 1.33876
3.3409 1.33835
3.34207 1.33794
3.34324 1.33753
3.34441 1.33711
3.34558 1.3367
3.34675 1.33629
3.34792 1.33587
3.34909 1.33546
3.35026 1.33504
3.35143 1.33463
3.35259 1.33421
3.35376 1.33379
3.35493 1.33338
3.3561 1.33296
3.35726 1.33254
3.35843 1.33212
3.35959 1.33171
3.36076 1.33129
3.36192 1.33087
3.36309 1.33045
3.36425 1.33003
3.36542 1.32961
3.36658 1.32918
3.36774 1.32876
3.36891 1.32834
3.37007 1.32792
3.37123 1.32749
3.37239 1.32707
3.37355 1.32665
3.37471 1.32622
3.37587 1.3258
3.37703 1.32537
3.37819 1.32495
3.37935 1.32452
3.38051 1.32409
3.38167 1.32367
3.38283 1.32324
3.38399 1.32281
3.38515 1.32238
3.3863 1.32195
3.38746 1.32152
3.38862 1.32109
3.38977 1.32066
3.39093 1.32023
3.39208 1.3198
3.39324 1.31937
3.39439 1.31894
3.39555 1.31851
3.3967 1.31807
3.39785 1.31764
3.39901 1.31721
3.40016 1.31677
3.40131 1.31634
3.40246 1.3159
3.40362 1.31547
3.40477 1.31503
3.40592 1.3146
3.40707 1.31416
3.40822 1.31372
3.40937 1.31329
3.41052 1.31285
3.41166 1.31241
3.41281 1.31197
3.41396 1.31153
3.41511 1.31109
3.41626 1.31065
3.4174 1.31021
3.41855 1.30977
3.4197 1.30933
3.42084 1.30889
3.42199 1.30844
3.42313 1.308
3.42428 1.30756
3.42542 1.30712
3.42656 1.30667
3.42771 1.30623
3.42885 1.30578
3.42999 1.30534
3.43114 1.30489
3.43228 1.30445
3.43342 1.304
3.43456 1.30355
3.4357 1.3031
3.43684 1.30266
3.43798 1.30221
3.43912 1.30176
3.44026 1.30131
3.4414 1.30086
3.44254 1.30041
3.44368 1.29996
3.44481 1.29951
3.44595 1.29906
3.44709 1.29861
3.44822 1.29816
3.44936 1.2977
3.45049 1.29725
3.45163 1.2968
3.45276 1.29634
3.4539 1.29589
3.45503 1.29544
3.45617 1.29498
3.4573 1.29453
3.45843 1.29407
3.45956 1.29361
3.4607 1.29316
3.46183 1.2927
3.46296 1.29224
3.46409 1.29179
3.46522 1.29133
3.46635 1.29087
3.46748 1.29041
3.46861 1.28995
3.46974 1.28949
3.47087 1.28903
3.47199 1.28857
3.47312 1.28811
3.47425 1.28765
3.47538 1.28719
3.4765 1.28672
3.47763 1.28626
3.47875 1.2858
3.47988 1.28533
3.481 1.28487
3.48213 1.28441
3.48325 1.28394
3.48438 1.28348
3.4855 1.28301
3.48662 1.28254
3.48774 1.28208
3.48887 1.28161
3.48999 1.28114
3.49111 1.28068
3.49223 1.28021
3.49335 1.27974
3.49447 1.27927
3.49559 1.2788
3.49671 1.27833
3.49783 1.27786
3.49894 1.27739
3.50006 1.27692
3.50118 1.27645
3.5023 1.27598
3.50341 1.27551
3.50453 1.27503
3.50564 1.27456
3.50676 1.27409
3.50787 1.27361
3.50899 1.27314
3.5101 1.27267
3.51122 1.27219
3.51233 1.27172
3.51344 1.27124
3.51456 1.27076
3.51567 1.27029
3.51678 1.26981
3.51789 1.26933
3.519 1.26886
3.52011 1.26838
3.52122 1.2679
3.52233 1.26742
3.52344 1.26694
3.52455 1.26646
3.52566 1.26598
3.52676 1.2655
3.52787 1.26502
3.52898 1.26454
3.53009 1.26406
3.53119 1.26358
3.5323 1.26309
3.5334 1.26261
3.53451 1.26213
3.53561 1.26164
3.53672 1.26116
3.53782 1.26068
3.53892 1.26019
3.54002 1.25971
3.54113 1.25922
3.54223 1.25873
3.54333 1.25825
3.54443 1.25776
3.54553 1.25728
3.54663 1.25679
3.54773 1.2563
3.54883 1.25581
3.54993 1.25532
3.55103 1.25483
3.55213 1.25434
3.55322 1.25386
3.55432 1.25337
3.55542 1.25287
3.55651 1.25238
3.55761 1.25189
3.55871 1.2514
3.5598 1.25091
3.5609 1.25042
3.56199 1.24992
3.56308 1.24943
3.56418 1.24894
3.56527 1.24844
3.56636 1.24795
3.56745 1.24745
3.56855 1.24696
3.56964 1.24646
3.57073 1.24597
3.57182 1.24547
3.57291 1.24497
3.574 1.24448
3.57509 1.24398
3.57617 1.24348
3.57726 1.24298
3.57835 1.24249
3.57944 1.24199
3.58052 1.24149
3.58161 1.24099
3.5827 1.24049
3.58378 1.23999
3.58487 1.23949
3.58595 1.23899
3.58704 1.23849
3.58812 1.23798
3.5892 1.23748
3.59029 1.23698
3.59137 1.23648
3.59245 1.23597
3.59353 1.23547
3.59461 1.23496
3.59569 1.23446
3.59677 1.23396
3.59785 1.23345
3.59893 1.23294
3.60001 1.23244
3.60109 1.23193
3.60217 1.23143
3.60325 1.23092
3.60432 1.23041
3.6054 1.2299
3.60648 1.2294
3.60755 1.22889
3.60863 1.22838
3.6097 1.22787
3.61078 1.22736
3.61185 1.22685
3.61292 1.22634
3.614 1.22583
3.61507 1.22532
3.61614 1.22481
3.61721 1.22429
3.61828 1.22378
3.61936 1.22327
3.62043 1.22276
3.6215 1.22224
3.62256 1.22173
3.62363 1.22122
3.6247 1.2207
3.62577 1.22019
3.62684 1.21967
3.62791 1.21916
3.62897 1.21864
3.63004 1.21813
3.6311 1.21761
3.63217 1.21709
3.63324 1.21658
3.6343 1.21606
3.63536 1.21554
3.63643 1.21502
3.63749 1.2145
3.63855 1.21398
3.63962 1.21346
3.64068 1.21295
3.64174 1.21243
3.6428 1.2119
3.64386 1.21138
3.64492 1.21086
3.64598 1.21034
3.64704 1.20982
3.6481 1.2093
3.64916 1.20878
3.65021 1.20825
3.65127 1.20773
3.65233 1.20721
3.65338 1.20668
3.65444 1.20616
3.65549 1.20563
3.65655 1.20511
3.6576 1.20458
3.65866 1.20406
3.65971 1.20353
3.66077 1.20301
3.66182 1.20248
3.66287 1.20195
3.66392 1.20142
3.66497 1.2009
3.66602 1.20037
3.66707 1.19984
3.66812 1.19931
3.66917 1.19878
3.67022 1.19825
3.67127 1.19772
3.67232 1.19719
3.67337 1.19666
3.67441 1.19613
3.67546 1.1956
3.67651 1.19507
3.67755 1.19454
3.6786 1.19401
3.67964 1.19347
3.68069 1.19294
3.68173 1.19241
3.68277 1.19188
3.68382 1.19134
3.68486 1.19081
3.6859 1.19027
3.68694 1.18974
3.68798 1.1892
3.68902 1.18867
3.69006 1.18813
3.6911 1.1876
3.69214 1.18706
3.69318 1.18652
3.69422 1.18599
3.69526 1.18545
3.69629 1.18491
3.69733 1.18437
3.69837 1.18383
3.6994 1.18329
3.70044 1.18276
3.70147 1.18222
3.70251 1.18168
3.70354 1.18114
3.70458 1.1806
3.70561 1.18006
3.70664 1.17951
3.70767 1.17897
3.70871 1.17843
3.70974 1.17789
3.71077 1.17735
3.7118 1.1768
3.71283 1.17626
3.71386 1.17572
3.71489 1.17517
3.71591 1.17463
3.71694 1.17409
3.71797 1.17354
3.719 1.173
3.72002 1.17245
3.72105 1.1719
3.72207 1.17136
3.7231 1.17081
3.72412 1.17027
3.72515 1.16972
3.72617 1.16917
3.72719 1.16862
3.72822 1.16808
3.72924 1.16753
3.73026 1.16698
3.73128 1.16643
3.7323 1.16588
3.73332 1.16533
3.73434 1.16478
3.73536 1.16423
3.73638 1.16368
3.7374 1.16313
3.73842 1.16258
3.73943 1.16203
3.74045 1.16148
3.74147 1.16092
3.74248 1.16037
3.7435 1.15982
3.74451 1.15927
3.74553 1.15871
3.74654 1.15816
3.74755 1.15761
3.74857 1.15705
3.74958 1.1565
3.75059 1.15594
3.7516 1.15539
3.75261 1.15483
3.75362 1.15428
3.75463 1.15372
3.75564 1.15316
3.75665 1.15261
3.75766 1.15205
3.75867 1.15149
3.75968 1.15094
3.76068 1.15038
3.76169 1.14982
3.7627 1.14926
3.7637 1.1487
3.76471 1.14814
3.76571 1.14758
3.76672 1.14702
3.76772 1.14646
3.76872 1.1459
3.76972 1.14534
3.77073 1.14478
3.77173 1.14422
3.77273 1.14366
3.77373 1.1431
3.77473 1.14254
3.77573 1.14197
3.77673 1.14141
3.77773 1.14085
3.77873 1.14028
3.77972 1.13972
3.78072 1.13916
3.78172 1.13859
3.78271 1.13803
3.78371 1.13746
3.78471 1.1369
3.7857 1.13633
3.78669 1.13577
3.78769 1.1352
3.78868 1.13464
3.78967 1.13407
3.79067 1.1335
3.79166 1.13294
3.79265 1.13237
3.79364 1.1318
3.79463 1.13123
3.79562 1.13066
3.79661 1.1301
3.7976 1.12953
3.79859 1.12896
3.79958 1.12839
3.80056 1.12782
3.80155 1.12725
3.80254 1.12668
3.80352 1.12611
3.80451 1.12554
3.80549 1.12496
3.80648 1.12439
3.80746 1.12382
3.80844 1.12325
3.80943 1.12268
3.81041 1.1221
3.81139 1.12153
3.81237 1.12096
3.81335 1.12039
3.81433 1.11981
3.81531 1.11924
3.81629 1.11866
3.81727 1.11809
3.81825 1.11751
3.81923 1.11694
3.8202 1.11636
3.82118 1.11579
3.82216 1.11521
3.82313 1.11464
3.82411 1.11406
3.82508 1.11348
3.82606 1.1129
3.82703 1.11233
3.828 1.11175
3.82898 1.11117
3.82995 1.11059
3.83092 1.11002
3.83189 1.10944
3.83286 1.10886
3.83383 1.10828
3.8348 1.1077
3.83577 1.10712
3.83674 1.10654
3.83771 1.10596
3.83868 1.10538
3.83964 1.1048
3.84061 1.10422
3.84158 1.10363
3.84254 1.10305
3.84351 1.10247
3.84447 1.10189
3.84544 1.10131
3.8464 1.10072
3.84736 1.10014
3.84833 1.09956
3.84929 1.09897
3.85025 1.09839
3.85121 1.0978
3.85217 1.09722
3.85313 1.09664
3.85409 1.09605
3.85505 1.09547
3.85601 1.09488
3.85697 1.09429
3.85792 1.09371
3.85888 1.09312
3.85984 1.09254
3.86079 1.09195
3.86175 1.09136
3.8627 1.09077
3.86366 1.09019
3.86461 1.0896
3.86557 1.08901
3.86652 1.08842
3.86747 1.08783
3.86842 1.08725
3.86937 1.08666
3.87032 1.08607
3.87127 1.08548
3.87222 1.08489
3.87317 1.0843
3.87412 1.08371
3.87507 1.08312
3.87602 1.08253
3.87697 1.08193
3.87791 1.08134
3.87886 1.08075
3.8798 1.08016
3.88075 1.07957
3.88169 1.07898
3.88264 1.07838
3.88358 1.07779
3.88452 1.0772
3.88547 1.0766
3.88641 1.07601
3.88735 1.07542
3.88829 1.07482
3.88923 1.07423
3.89017 1.07363
3.89111 1.07304
3.89205 1.07244
3.89299 1.07185
3.89393 1.07125
3.89486 1.07066
3.8958 1.07006
3.89674 1.06946
3.89767 1.06887
3.89861 1.06827
3.89954 1.06767
3.90048 1.06708
3.90141 1.06648
3.90234 1.06588
3.90328 1.06528
3.90421 1.06468
3.90514 1.06409
3.90607 1.06349
3.907 1.06289
3.90793 1.06229
3.90886 1.06169
3.90979 1.06109
3.91072 1.06049
3.91165 1.05989
3.91257 1.05929
3.9135 1.05869
3.91443 1.05809
3.91535 1.05749
3.91628 1.05688
3.9172 1.05628
3.91813 1.05568
3.91905 1.05508
3.91997 1.05448
3.9209 1.05387
3.92182 1.05327
3.92274 1.05267
3.92366 1.05207
3.92458 1.05146
3.9255 1.05086
3.92642 1.05025
3.92734 1.04965
3.92826 1.04905
3.92918 1.04844
3.93009 1.04784
3.93101 1.04723
3.93193 1.04663
3.93284 1.04602
3.93376 1.04542
3.93467 1.04481
3.93559 1.0442
3.9365 1.0436
3.93741 1.04299
3.93833 1.04238
3.93924 1.04178
3.94015 1.04117
3.94106 1.04056
3.94197 1.03995
3.94288 1.03935
3.94379 1.03874
3.9447 1.03813
3.94561 1.03752
3.94651 1.03691
3.94742 1.0363
3.94833 1.03569
3.94923 1.03508
3.95014 1.03447
3.95105 1.03386
3.95195 1.03325
3.95285 1.03264
3.95376 1.03203
3.95466 1.03142
3.95556 1.03081
3.95646 1.0302
3.95737 1.02959
3.95827 1.02898
3.95917 1.02837
3.96007 1.02775
3.96097 1.02714
3.96187 1.02653
3.96276 1.02592
3.96366 1.0253
3.96456 1.02469
3.96545 1.02408
3.96635 1.02346
3.96725 1.02285
3.96814 1.02224
3.96904 1.02162
3.96993 1.02101
3.97082 1.02039
3.97172 1.01978
3.97261 1.01916
3.9735 1.01855
3.97439 1.01793
3.97528 1.01732
3.97617 1.0167
3.97706 1.01609
3.97795 1.01547
3.97884 1.01485
3.97973 1.01424
3.98061 1.01362
3.9815 1.013
3.98239 1.01238
3.98327 1.01177
3.98416 1.01115
3.98504 1.01053
3.98593 1.00991
3.98681 1.0093
3.98769 1.00868
3.98858 1.00806
3.98946 1.00744
3.99034 1.00682
3.99122 1.0062
3.9921 1.00558
3.99298 1.00496
3.99386 1.00434
3.99474 1.00372
3.99562 1.0031
3.99649 1.00248
3.99737 1.00186
3.99825 1.00124
3.99912 1.00062
4 1
