-53
-12
35
-47
19
-54
80
13
-55
50
-33
-34
93
19
0
0
0
0
0
0
78
24
15
74
-38
33
-74
80
8
40
12
-12
92
4
0
0
0
0
0
0
22
-40
91
45
-22
47
-51
-74
55
-81
7
49
3
6
0
0
0
0
0
0
-4
-38
77
44
74
-53
-34
95
-59
-27
44
47
-17
-64
0
0
0
0
0
0
49
-42
6
-62
-100
-49
82
44
52
87
59
-3
25
56
-1
0
0
0
0
0
68
62
-10
96
94
-29
-9
-53
11
73
-44
44
-79
-76
0
1
0
0
0
0
-24
-56
-52
2
94
90
96
4
-28
96
-34
-57
56
-39
0
0
-1
0
0
0
86
1
56
68
0
64
0
46
79
59
54
30
21
96
0
0
0
1
0
0
20
93
10
85
14
66
23
34
22
45
82
38
22
71
0
0
0
0
1
0
92
95
34
44
50
34
16
59
95
52
91
29
82
0
0
0
0
0
0
1
