-82
79
54
-86
44
-21
94
74
53
-25
-94
78
100
-86
0
0
0
0
0
0
21
32
91
-15
11
26
-100
1
19
97
-85
-40
-8
96
0
0
0
0
0
0
-95
48
-4
61
86
-24
-19
42
95
-14
53
93
20
95
0
0
0
0
0
0
25
-95
19
-62
-58
-7
59
-40
4
-47
10
63
85
53
0
0
0
0
0
0
79
96
64
77
75
100
56
64
83
75
55
62
83
79
1
0
0
0
0
0
68
-68
56
-42
-6
70
100
90
6
-80
100
57
46
6
0
-1
0
0
0
0
-99
65
-14
97
0
-31
-99
-37
21
60
62
-32
62
80
0
0
1
0
0
0
85
89
-71
60
79
52
36
-76
62
29
20
28
80
-23
0
0
0
1
0
0
81
-91
27
5
87
89
70
73
32
75
44
50
29
-44
0
0
0
0
1
0
47
83
-43
-75
68
-4
20
16
56
-92
52
69
43
13
0
0
0
0
0
-1
