10 24
33
59
50
90
45
68
87
94
91
95
84
33
65
77
-1
0
0
0
0
0
0
0
0
0
74
29
14
27
19
89
29
5
38
41
74
81
60
70
0
-1
0
0
0
0
0
0
0
0
88
57
12
5
23
86
48
54
26
33
57
4
53
21
0
0
-1
0
0
0
0
0
0
0
36
86
58
33
17
58
17
88
19
34
34
61
26
50
0
0
0
-1
0
0
0
0
0
0
94
33
93
61
71
79
42
40
41
58
9
93
75
40
0
0
0
0
-1
0
0
0
0
0
76
12
78
22
64
21
26
27
19
3
50
43
37
46
0
0
0
0
0
-1
0
0
0
0
92
64
70
92
3
96
29
35
43
70
34
15
39
54
0
0
0
0
0
0
-1
0
0
0
17
41
50
67
3
29
22
62
18
33
29
91
5
56
0
0
0
0
0
0
0
-1
0
0
12
76
18
22
14
18
51
19
26
71
74
21
50
2
0
0
0
0
0
0
0
0
-1
0
94
58
20
20
87
90
51
37
52
35
15
49
31
18
0
0
0
0
0
0
0
0
0
-1
