10 20
81
-33
24
99
26
63
-83
36
79
67
-89
-79
-23
30
0
0
0
0
0
0
48
-65
-30
61
79
-95
29
83
-57
-45
52
94
86
-44
0
0
0
0
0
0
72
23
-73
-35
82
-11
75
93
-63
-44
63
17
26
-15
0
0
0
0
0
0
73
94
65
-62
36
91
-85
39
1
-88
-19
-3
28
89
0
0
0
0
0
0
67
63
81
98
18
66
-92
-62
-86
-32
33
-33
-84
81
-1
0
0
0
0
0
50
4
46
46
21
-82
-80
45
-33
37
71
-55
-2
55
0
-1
0
0
0
0
-12
75
-42
62
-2
-25
-8
73
-88
72
-10
80
2
34
0
0
-1
0
0
0
64
55
67
51
44
63
44
28
42
83
10
68
83
95
0
0
0
1
0
0
63
68
41
53
14
23
55
90
22
50
75
12
37
22
0
0
0
0
1
0
35
61
97
74
71
95
45
3
14
73
87
85
87
90
0
0
0
0
0
1
