92
-41
11
74
16
32
1
-51
-9
-18
2
-96
61
18
0
0
0
0
0
0
-32
-50
-8
40
95
50
96
15
40
-90
-30
-4
2
40
0
0
0
0
0
0
44
52
95
-30
-66
-23
37
-40
-92
95
72
48
28
21
0
0
0
0
0
0
-59
17
-25
31
78
6
-98
-86
100
-8
20
-92
97
86
0
0
0
0
0
0
-94
-9
44
53
38
-83
62
-20
93
-17
14
100
82
-33
1
0
0
0
0
0
42
52
59
-10
27
89
-61
81
-74
62
100
69
-9
11
0
-1
0
0
0
0
-40
54
78
5
-15
6
85
-78
73
40
1
-71
-84
87
0
0
1
0
0
0
62
5
93
33
52
36
12
60
92
74
36
68
95
82
0
0
0
1
0
0
28
81
9
84
35
55
25
34
3
48
35
53
13
53
0
0
0
0
1
0
31
70
41
90
98
56
97
37
98
74
23
99
80
95
0
0
0
0
0
1
