13
51
97
48
-98
15
-60
41
-51
78
-83
-19
78
-56
0
0
0
0
0
0
-54
-11
21
25
-5
-16
72
-49
72
85
-24
19
75
80
0
0
0
0
0
0
-12
21
-15
-32
56
-1
25
68
-91
-53
13
-26
5
76
0
0
0
0
0
0
42
-99
18
-1
94
41
96
69
50
-72
-25
-34
28
-64
0
0
0
0
0
0
55
41
40
-38
70
-12
31
54
-38
30
-46
85
-19
-73
1
0
0
0
0
0
-45
88
34
-96
-99
46
75
-32
34
82
18
-22
16
57
0
1
0
0
0
0
-98
-48
55
73
-7
-50
-62
71
-50
-91
100
-54
76
100
0
0
-1
0
0
0
78
62
6
72
19
75
31
49
70
28
90
2
4
20
0
0
0
1
0
0
73
51
27
7
39
63
77
33
44
87
63
81
29
53
0
0
0
0
1
0
71
99
54
70
29
91
83
99
79
16
26
38
41
61
0
0
0
0
0
1
