-10
-51
-11
24
86
37
-21
-92
90
57
5
-57
-88
92
0
0
0
0
0
0
68
-54
96
-9
-34
4
40
-59
-27
2
40
34
44
71
0
0
0
0
0
0
-25
-75
73
17
-73
64
38
-13
90
-23
39
-51
95
-65
0
0
0
0
0
0
-81
75
-50
82
71
20
95
-74
-83
-33
-26
-68
76
41
0
0
0
0
0
0
43
-69
-59
44
81
66
35
14
-23
95
66
-40
-90
92
-1
0
0
0
0
0
15
96
73
-29
-14
-72
16
62
-97
-5
80
3
-45
47
0
1
0
0
0
0
-88
59
-28
-80
-54
90
76
91
70
48
-44
42
-100
42
0
0
-1
0
0
0
83
78
8
89
32
35
81
43
5
21
97
98
98
78
0
0
0
1
0
0
10
89
42
10
14
87
64
62
41
20
81
43
93
75
0
0
0
0
1
0
39
6
71
71
64
92
32
0
48
39
4
97
81
8
0
0
0
0
0
1
