47
90
19
91
7
30
60
50
24
52
28
30
25
29
-1
0
0
0
0
0
0
0
0
0
20
74
47
31
24
11
22
81
79
97
77
11
20
74
0
-1
0
0
0
0
0
0
0
0
19
6
87
63
98
16
94
1
87
99
54
37
67
24
0
0
-1
0
0
0
0
0
0
0
37
37
33
70
65
65
65
41
59
12
39
88
92
42
0
0
0
-1
0
0
0
0
0
0
64
7
69
43
99
32
62
70
81
1
84
24
99
75
0
0
0
0
-1
0
0
0
0
0
58
60
48
85
40
89
61
15
73
31
33
96
0
14
0
0
0
0
0
-1
0
0
0
0
99
70
81
48
46
78
66
4
65
57
22
78
38
53
0
0
0
0
0
0
-1
0
0
0
59
88
25
70
59
58
20
43
2
52
77
6
53
12
0
0
0
0
0
0
0
-1
0
0
17
61
92
83
36
95
20
78
48
58
18
23
40
88
0
0
0
0
0
0
0
0
-1
0
33
29
62
78
97
94
19
94
41
64
19
4
54
20
0
0
0
0
0
0
0
0
0
-1
