10 20
88
11
-100
5
-25
64
-90
-59
80
63
-78
-43
85
26
0
0
0
0
0
0
19
43
24
49
1
31
-20
-4
-67
63
-96
7
2
-7
0
0
0
0
0
0
83
64
-1
54
34
-32
34
11
33
-8
100
13
24
-5
0
0
0
0
0
0
-64
57
90
60
90
68
37
-7
86
48
-64
-19
-100
15
0
0
0
0
0
0
4
18
9
62
-47
84
2
-40
91
92
-89
-15
97
-68
1
0
0
0
0
0
63
49
-93
49
38
-7
11
74
-8
-82
39
-15
62
76
0
-1
0
0
0
0
95
57
-44
56
3
15
-65
70
34
54
-85
3
55
-38
0
0
1
0
0
0
27
15
42
12
12
82
47
27
44
6
47
12
56
78
0
0
0
1
0
0
24
51
53
2
49
37
62
97
63
40
86
42
80
54
0
0
0
0
1
0
60
43
84
4
7
41
49
92
44
3
13
8
30
4
0
0
0
0
0
1
