-16
-25
20
36
90
98
-4
15
-92
32
32
84
81
74
0
0
0
0
0
0
-83
83
-20
38
17
87
-33
-1
58
69
-8
-18
-80
-65
0
0
0
0
0
0
45
15
-37
-18
-30
55
-43
-55
61
49
79
42
47
88
0
0
0
0
0
0
-69
-71
-15
43
37
97
49
13
5
15
69
-30
-50
95
0
0
0
0
0
0
81
96
74
60
54
92
65
54
59
72
92
65
55
75
1
0
0
0
0
0
84
-50
-36
-6
11
-58
31
98
-64
-33
3
90
-12
14
0
1
0
0
0
0
68
8
68
-81
-39
90
-91
84
-59
57
-10
27
-53
66
0
0
1
0
0
0
43
17
94
-6
-10
63
-59
13
59
31
-66
36
87
-62
0
0
0
1
0
0
-2
-8
-6
83
28
28
54
82
77
-63
39
64
-56
65
0
0
0
0
-1
0
44
33
4
58
-2
-67
31
80
-11
94
-71
-52
68
17
0
0
0
0
0
-1
