-48
-92
33
67
65
-79
90
72
-63
85
73
35
34
73
0
0
0
0
0
0
45
-84
-82
-85
87
77
67
-54
27
-53
54
-4
90
23
0
0
0
0
0
0
-44
-63
-92
72
82
63
-14
-4
-53
90
41
-49
83
-85
0
0
0
0
0
0
-71
69
56
-87
-97
-30
82
95
87
-63
63
23
-66
83
0
0
0
0
0
0
58
98
98
91
93
81
51
80
62
52
97
72
61
79
1
0
0
0
0
0
86
85
-29
-7
-63
-22
-75
-32
-25
-68
88
-13
39
54
0
-1
0
0
0
0
8
76
-55
-35
52
65
94
-60
-34
-53
-57
-49
19
90
0
0
1
0
0
0
-28
36
-8
0
81
21
25
-3
14
78
-67
-72
-10
81
0
0
0
-1
0
0
80
-67
91
22
16
-91
-55
-78
-17
88
-17
86
74
-9
0
0
0
0
-1
0
63
-81
15
7
-66
0
-70
58
-43
70
88
4
-52
42
0
0
0
0
0
-1
