-50
70
71
84
5
27
94
-84
38
-86
-84
64
-64
84
0
0
0
0
0
0
3
52
-49
85
66
45
-68
-85
-97
98
24
29
19
65
0
0
0
0
0
0
44
-25
39
88
8
-81
-52
-12
95
-59
79
40
18
-69
0
0
0
0
0
0
6
67
11
-81
-49
-66
63
-80
10
96
67
-33
96
6
0
0
0
0
0
0
-33
35
77
45
-96
85
-27
22
-27
-56
35
-99
-10
69
1
0
0
0
0
0
91
15
-6
5
-37
64
92
1
46
97
80
1
-71
-2
0
-1
0
0
0
0
3
45
-7
24
85
44
-10
28
46
-3
-85
36
-94
-11
0
0
-1
0
0
0
42
41
81
73
36
28
100
46
42
5
20
27
46
90
0
0
0
1
0
0
31
70
17
21
22
2
14
11
84
20
62
54
78
87
0
0
0
0
1
0
12
25
78
35
16
70
47
86
24
6
34
40
91
57
0
0
0
0
0
1
