10 20
70
-4
-8
3
6
37
9
43
85
24
83
-95
-35
-93
0
0
0
0
0
0
34
-76
-1
82
54
52
-98
-88
-51
89
-42
-33
18
96
0
0
0
0
0
0
81
11
-22
3
73
89
-7
23
-30
-99
-96
22
80
-93
0
0
0
0
0
0
-74
7
-32
38
-94
-41
94
59
94
43
63
-62
-6
31
0
0
0
0
0
0
19
28
58
-6
-52
-1
-81
68
-20
-100
-30
21
78
20
1
0
0
0
0
0
-16
-31
29
36
73
-24
43
-13
48
-85
32
85
3
-87
0
1
0
0
0
0
93
47
-100
52
25
99
7
-73
-40
54
-7
-37
12
-32
0
0
1
0
0
0
33
39
63
93
63
4
20
7
100
17
97
1
97
48
0
0
0
1
0
0
54
56
69
30
19
98
27
17
5
17
63
88
31
88
0
0
0
0
1
0
87
93
19
74
93
25
69
30
79
60
64
32
40
74
0
0
0
0
0
1
