2
74
85
12
99
73
91
44
77
99
67
43
77
26
-1
0
0
0
0
0
0
0
0
0
96
19
7
67
25
26
42
35
90
93
73
1
20
9
0
-1
0
0
0
0
0
0
0
0
7
24
100
94
59
37
80
71
27
39
28
47
17
92
0
0
-1
0
0
0
0
0
0
0
8
6
36
77
48
83
24
74
95
44
74
49
10
60
0
0
0
-1
0
0
0
0
0
0
83
49
10
28
47
80
21
95
89
93
52
76
49
60
0
0
0
0
-1
0
0
0
0
0
44
84
86
45
45
79
14
5
92
43
34
8
79
66
0
0
0
0
0
-1
0
0
0
0
6
34
30
26
10
95
49
46
9
38
38
61
62
19
0
0
0
0
0
0
-1
0
0
0
1
68
46
44
1
16
88
19
69
49
92
71
37
81
0
0
0
0
0
0
0
-1
0
0
26
29
16
60
55
23
41
41
14
47
57
96
1
68
0
0
0
0
0
0
0
0
-1
0
30
10
49
2
59
11
39
97
68
25
50
45
67
59
0
0
0
0
0
0
0
0
0
-1
