-27
7
12
30
77
-4
-33
-93
-64
-9
50
60
93
37
0
0
0
0
0
0
16
35
8
-4
3
97
-17
-2
40
75
23
-92
-99
19
0
0
0
0
0
0
46
67
87
-54
-97
72
29
22
31
100
75
-88
-28
-40
0
0
0
0
0
0
-3
-24
18
86
-83
1
-63
-9
99
55
24
-9
-18
-59
0
0
0
0
0
0
57
71
77
85
90
71
65
92
99
95
74
61
79
71
1
0
0
0
0
0
35
-78
-73
91
-48
-8
80
30
-59
-51
10
74
61
80
0
-1
0
0
0
0
-85
59
-90
42
81
20
84
-32
-81
44
38
2
76
-10
0
0
1
0
0
0
13
37
59
-40
-94
0
-36
72
-70
92
-18
41
57
96
0
0
0
-1
0
0
13
94
15
-4
90
13
-66
75
72
90
-11
-33
-88
77
0
0
0
0
1
0
29
-17
-48
-46
56
91
-53
-26
87
67
-44
52
60
-17
0
0
0
0
0
1
