66
78
17
34
58
2
13
67
1
62
72
73
85
61
-1
0
0
0
0
0
0
0
0
0
35
59
61
27
88
79
57
69
17
12
43
57
81
11
0
-1
0
0
0
0
0
0
0
0
61
69
89
71
33
92
12
7
29
79
19
77
64
24
0
0
-1
0
0
0
0
0
0
0
9
72
48
37
70
88
43
44
97
60
29
38
89
62
0
0
0
-1
0
0
0
0
0
0
40
12
15
26
39
84
6
56
11
17
49
69
93
14
0
0
0
0
-1
0
0
0
0
0
61
72
47
60
50
99
93
5
52
31
22
4
48
81
0
0
0
0
0
-1
0
0
0
0
73
75
46
15
71
94
95
12
47
98
16
41
10
80
0
0
0
0
0
0
-1
0
0
0
98
90
38
75
21
6
17
16
45
77
72
17
61
85
0
0
0
0
0
0
0
-1
0
0
16
74
58
98
7
9
15
25
43
75
62
40
83
55
0
0
0
0
0
0
0
0
-1
0
75
4
55
45
2
99
93
0
71
61
85
34
65
59
0
0
0
0
0
0
0
0
0
-1
