-92
-62
31
-32
44
58
-65
-18
64
20
-24
27
16
43
0
0
0
0
0
0
32
94
74
-28
13
12
68
44
52
-42
-74
67
-50
-75
0
0
0
0
0
0
-2
-95
-36
57
-14
-44
-20
50
66
79
91
66
31
-79
0
0
0
0
0
0
69
63
-15
73
9
64
12
-18
9
-66
59
-18
-37
-14
0
0
0
0
0
0
-24
79
53
85
87
-1
-26
63
-55
84
64
-90
47
78
1
0
0
0
0
0
14
36
66
-60
72
60
40
71
42
-20
49
35
14
25
0
1
0
0
0
0
100
36
96
-75
-1
-79
53
4
-36
-29
60
51
-47
-93
0
0
1
0
0
0
21
62
39
3
41
15
6
35
65
48
31
57
65
72
0
0
0
1
0
0
57
46
75
87
55
79
33
65
94
5
11
82
84
84
0
0
0
0
1
0
91
55
13
82
11
16
6
69
72
6
26
35
41
31
0
0
0
0
0
1
