10 24
12
24
98
81
87
99
35
38
61
22
90
80
76
17
-1
0
0
0
0
0
0
0
0
0
26
11
51
93
20
47
12
99
48
65
50
47
8
13
0
-1
0
0
0
0
0
0
0
0
14
76
14
21
33
25
89
49
73
88
29
85
5
48
0
0
-1
0
0
0
0
0
0
0
70
12
13
69
7
6
8
68
57
14
85
55
89
14
0
0
0
-1
0
0
0
0
0
0
47
95
87
88
57
32
66
70
13
70
65
62
20
53
0
0
0
0
-1
0
0
0
0
0
63
28
38
34
35
81
56
74
17
25
87
21
52
57
0
0
0
0
0
-1
0
0
0
0
89
83
29
36
84
64
67
45
79
69
41
26
39
49
0
0
0
0
0
0
-1
0
0
0
92
0
4
49
0
32
14
66
18
87
6
63
99
35
0
0
0
0
0
0
0
-1
0
0
32
39
29
81
39
69
41
53
27
79
17
2
76
11
0
0
0
0
0
0
0
0
-1
0
92
77
57
78
67
7
0
60
52
30
26
14
55
91
0
0
0
0
0
0
0
0
0
-1
