85
35
-59
87
-95
-57
-17
90
-62
29
34
95
-16
42
0
0
0
0
0
0
-63
93
-39
70
80
-8
90
56
-4
-32
27
-17
71
80
0
0
0
0
0
0
42
39
25
-4
40
-55
73
-80
5
97
-13
6
81
-66
0
0
0
0
0
0
-9
-5
-64
-7
53
-89
50
80
-58
-20
58
25
33
99
0
0
0
0
0
0
63
65
75
69
80
100
50
97
78
87
62
95
71
61
1
0
0
0
0
0
-70
-82
31
74
56
13
-38
-34
2
80
77
24
-31
-19
0
1
0
0
0
0
27
-58
-68
54
54
96
15
40
99
-2
-20
72
-83
-22
0
0
-1
0
0
0
18
71
-67
-70
-88
-91
87
87
10
78
-64
81
21
91
0
0
0
-1
0
0
96
47
32
-72
24
72
83
-37
18
-8
43
-12
99
-34
0
0
0
0
-1
0
99
65
-18
56
-77
77
-9
6
89
34
-58
84
-42
-63
0
0
0
0
0
-1
