10 20
88
-7
34
93
-74
-55
27
-6
-38
45
79
-5
-23
-80
0
0
0
0
0
0
27
-95
-55
7
74
-43
57
-11
21
36
73
62
-23
23
0
0
0
0
0
0
61
24
-26
62
-37
50
85
-27
73
-72
-87
-10
87
-43
0
0
0
0
0
0
-72
96
11
55
62
-57
-18
4
53
-33
88
-84
65
-31
0
0
0
0
0
0
88
51
83
98
70
70
64
83
58
60
63
83
80
78
1
0
0
0
0
0
8
-40
33
77
-39
-53
70
19
-91
-29
82
-53
87
-27
0
-1
0
0
0
0
-18
-4
39
56
91
-87
-44
-20
87
30
66
58
-15
-39
0
0
1
0
0
0
91
90
39
67
100
46
72
-96
-26
-2
-35
-73
2
54
0
0
0
-1
0
0
95
75
84
68
-100
87
-57
99
-67
97
-9
8
84
31
0
0
0
0
1
0
24
-10
41
-47
5
-29
42
27
77
-63
53
-96
31
-30
0
0
0
0
0
-1
