63
27
1
39
89
36
43
72
98
78
75
87
64
44
-1
0
0
0
0
0
0
0
0
0
4
23
18
90
66
80
46
40
37
54
82
49
91
17
0
-1
0
0
0
0
0
0
0
0
55
19
100
60
73
58
35
85
34
35
8
33
2
39
0
0
-1
0
0
0
0
0
0
0
71
37
67
13
82
30
38
32
41
37
29
58
51
11
0
0
0
-1
0
0
0
0
0
0
64
9
56
21
78
67
61
26
73
71
78
7
38
9
0
0
0
0
-1
0
0
0
0
0
22
40
57
58
9
83
82
22
65
60
55
10
11
42
0
0
0
0
0
-1
0
0
0
0
72
17
21
1
82
28
68
68
69
96
9
51
29
89
0
0
0
0
0
0
-1
0
0
0
79
71
95
59
78
83
81
67
69
76
26
18
76
100
0
0
0
0
0
0
0
-1
0
0
54
39
15
27
56
82
84
95
60
16
73
67
20
30
0
0
0
0
0
0
0
0
-1
0
93
17
63
74
25
9
81
22
91
84
66
86
67
59
0
0
0
0
0
0
0
0
0
-1
