-13
-90
10
-48
79
-8
72
14
89
-34
68
78
-67
28
0
0
0
0
0
0
43
-76
78
-43
80
-8
47
82
80
-17
3
-70
-19
-72
0
0
0
0
0
0
-19
-89
80
-6
-28
-96
-87
-8
84
64
14
52
7
37
0
0
0
0
0
0
32
-47
82
-62
29
87
-39
40
50
76
-17
53
41
52
0
0
0
0
0
0
68
92
90
76
99
92
88
63
81
52
77
73
84
74
1
0
0
0
0
0
48
-43
51
88
48
24
-43
60
-12
-89
-39
87
68
-30
0
1
0
0
0
0
34
-10
-48
99
-45
19
48
62
-66
16
61
77
-2
-37
0
0
1
0
0
0
82
79
8
-15
-88
56
-32
73
74
74
57
-77
-96
-3
0
0
0
1
0
0
11
11
-10
-33
12
89
-17
97
-99
99
36
68
-39
-79
0
0
0
0
-1
0
-76
79
46
16
81
89
13
-44
-36
-14
-26
36
-57
-12
0
0
0
0
0
1
