1
19
29
36
88
15
46
76
65
99
37
78
22
1
-1
0
0
0
0
0
0
0
0
0
54
83
10
86
6
36
85
44
59
11
85
42
26
23
0
-1
0
0
0
0
0
0
0
0
100
41
53
91
1
83
97
40
50
0
11
97
80
26
0
0
-1
0
0
0
0
0
0
0
1
93
81
27
81
71
83
26
33
99
69
73
76
15
0
0
0
-1
0
0
0
0
0
0
24
40
68
12
48
71
60
100
45
37
99
15
4
31
0
0
0
0
-1
0
0
0
0
0
34
40
43
66
80
54
28
72
55
71
57
87
18
65
0
0
0
0
0
-1
0
0
0
0
35
57
56
94
49
30
6
73
79
17
36
13
30
91
0
0
0
0
0
0
-1
0
0
0
51
22
44
93
62
49
10
67
54
24
36
99
5
8
0
0
0
0
0
0
0
-1
0
0
64
6
63
49
52
30
69
92
82
44
43
89
54
14
0
0
0
0
0
0
0
0
-1
0
55
97
90
71
59
35
69
18
47
20
92
33
95
6
0
0
0
0
0
0
0
0
0
-1
