75
-76
99
-9
67
-55
-68
16
-33
99
-2
89
-31
13
0
0
0
0
0
0
-76
58
-89
98
71
60
61
-29
11
-17
-28
-70
20
19
0
0
0
0
0
0
-7
-37
-62
18
9
-84
-15
71
43
100
-5
-74
3
66
0
0
0
0
0
0
-13
18
-97
48
76
100
86
-51
1
-19
99
7
90
25
0
0
0
0
0
0
54
90
79
57
68
77
57
75
56
83
69
78
91
89
1
0
0
0
0
0
-10
-9
3
9
22
-35
-56
-78
-3
71
82
93
81
-31
0
-1
0
0
0
0
-33
87
8
18
-49
-16
49
-5
39
70
27
-33
-90
-9
0
0
1
0
0
0
15
-59
49
60
-15
81
93
-84
10
61
57
-65
-56
5
0
0
0
1
0
0
80
-6
62
85
-30
15
-85
-62
67
98
-31
42
-47
-69
0
0
0
0
1
0
44
37
69
-64
80
-93
-90
11
83
29
-54
81
-2
-88
0
0
0
0
0
-1
