14
9
74
11
80
6
0
7
24
40
2
2
20
45
-1
0
0
0
0
0
0
0
0
0
66
2
29
85
17
0
81
24
78
1
84
60
69
9
0
-1
0
0
0
0
0
0
0
0
2
68
90
91
98
36
91
20
88
88
86
64
91
85
0
0
-1
0
0
0
0
0
0
0
11
64
7
39
83
98
13
31
51
90
23
53
48
100
0
0
0
-1
0
0
0
0
0
0
58
7
71
100
48
95
63
65
57
80
55
28
56
24
0
0
0
0
-1
0
0
0
0
0
36
49
42
19
45
1
66
76
57
57
55
39
34
22
0
0
0
0
0
-1
0
0
0
0
31
40
76
6
87
74
96
30
86
13
67
4
38
18
0
0
0
0
0
0
-1
0
0
0
59
35
76
22
81
92
98
39
79
24
47
92
34
2
0
0
0
0
0
0
0
-1
0
0
93
12
57
82
38
31
45
89
77
75
24
78
49
3
0
0
0
0
0
0
0
0
-1
0
53
41
9
15
28
74
30
74
4
87
65
54
18
16
0
0
0
0
0
0
0
0
0
-1
