10 24
90
49
46
66
68
60
11
49
44
73
89
95
63
11
-1
0
0
0
0
0
0
0
0
0
60
71
76
77
3
22
5
54
31
7
66
45
34
55
0
-1
0
0
0
0
0
0
0
0
3
12
81
29
87
40
65
82
34
62
67
9
82
2
0
0
-1
0
0
0
0
0
0
0
36
16
9
91
27
35
99
82
87
82
49
77
39
87
0
0
0
-1
0
0
0
0
0
0
32
24
99
96
33
63
82
46
44
7
63
49
1
94
0
0
0
0
-1
0
0
0
0
0
87
35
1
30
84
7
34
1
38
81
54
55
43
63
0
0
0
0
0
-1
0
0
0
0
39
93
52
21
64
75
41
76
77
31
2
93
21
6
0
0
0
0
0
0
-1
0
0
0
33
4
12
40
6
63
94
91
17
46
70
48
84
93
0
0
0
0
0
0
0
-1
0
0
15
33
87
70
20
27
0
22
15
100
88
84
70
74
0
0
0
0
0
0
0
0
-1
0
59
66
3
46
25
48
58
93
3
62
58
50
1
54
0
0
0
0
0
0
0
0
0
-1
