10 20
-35
15
76
26
64
-31
55
60
-86
72
9
-90
46
-3
0
0
0
0
0
0
-80
-42
15
21
65
57
27
24
-68
27
-18
34
85
81
0
0
0
0
0
0
66
2
39
31
-50
38
-40
55
-31
84
6
-68
4
-39
0
0
0
0
0
0
69
-31
-69
69
50
7
-22
41
-63
-13
72
74
16
-75
0
0
0
0
0
0
-77
45
86
37
-56
39
-78
9
-96
21
62
26
19
30
-1
0
0
0
0
0
-60
9
95
90
83
-81
86
-93
94
5
29
9
-81
-96
0
1
0
0
0
0
-80
98
8
31
39
80
26
-82
-20
83
43
36
73
-9
0
0
1
0
0
0
51
49
52
41
57
30
49
94
0
64
46
25
100
21
0
0
0
1
0
0
86
4
49
40
74
82
48
82
87
22
22
28
45
9
0
0
0
0
1
0
31
68
80
55
59
72
48
78
23
49
11
48
99
17
0
0
0
0
0
1
