0.0000000000 0.0000000000
0.0010000000 0.0000125109
0.0020000000 0.0004632490
0.0030000000 0.0017057472
0.0040000000 0.0035522690
0.0050000000 0.0058464506
0.0060000000 0.0084819806
0.0070000000 0.0113813917
0.0080000000 0.0144851565
0.0090000000 0.0177460003
0.0100000000 0.0211256346
0.0110000000 0.0245927255
0.0120000000 0.0281215082
0.0130000000 0.0316907926
0.0140000000 0.0352831939
0.0150000000 0.0388845284
0.0160000000 0.0424833109
0.0170000000 0.0460703289
0.0180000000 0.0496382506
0.0190000000 0.0531813427
0.0200000000 0.0566951808
0.0210000000 0.0601764500
0.0220000000 0.0636227152
0.0230000000 0.0670322746
0.0240000000 0.0704040124
0.0250000000 0.0737372738
0.0260000000 0.0770317891
0.0270000000 0.0802875754
0.0280000000 0.0835048958
0.0290000000 0.0866841923
0.0300000000 0.0898260432
0.0310000000 0.0929311055
0.0320000000 0.0960001181
0.0330000000 0.0990338807
0.0340000000 0.1020332161
0.0350000000 0.1049989661
0.0360000000 0.1079319969
0.0370000000 0.1108331577
0.0380000000 0.1137032849
0.0390000000 0.1165432124
0.0400000000 0.1193537513
0.0410000000 0.1221356958
0.0420000000 0.1248898169
0.0430000000 0.1276168925
0.0440000000 0.1303176352
0.0450000000 0.1329927462
0.0460000000 0.1356429191
0.0470000000 0.1382688134
0.0480000000 0.1408710714
0.0490000000 0.1434502642
0.0500000000 0.1460070204
0.0510000000 0.1485419031
0.0520000000 0.1510554614
0.0530000000 0.1535482265
0.0540000000 0.1560207076
0.0550000000 0.1584733928
0.0560000000 0.1609067537
0.0570000000 0.1633212459
0.0580000000 0.1657173102
0.0590000000 0.1680953681
0.0600000000 0.1704558135
0.0610000000 0.1727990707
0.0620000000 0.1751254862
0.0630000000 0.1774354461
0.0640000000 0.1797292962
0.0650000000 0.1820073839
0.0660000000 0.1842700307
0.0670000000 0.1865175657
0.0680000000 0.1887502751
0.0690000000 0.1909684686
0.0700000000 0.1931724368
0.0710000000 0.1953624572
0.0720000000 0.1975388060
0.0730000000 0.1997017294
0.0740000000 0.2018514839
0.0750000000 0.2039883159
0.0760000000 0.2061124637
0.0770000000 0.2082241543
0.0780000000 0.2103236091
0.0790000000 0.2124110438
0.0800000000 0.2144866704
0.0810000000 0.2165506839
0.0820000000 0.2186032934
0.0830000000 0.2206446883
0.0840000000 0.2226750448
0.0850000000 0.2246945511
0.0860000000 0.2267033811
0.0870000000 0.2287017098
0.0880000000 0.2306897020
0.0890000000 0.2326675180
0.0900000000 0.2346353098
0.0910000000 0.2365932332
0.0920000000 0.2385414396
0.0930000000 0.2404800757
0.0940000000 0.2424092745
0.0950000000 0.2443291775
0.0960000000 0.2462399232
0.0970000000 0.2481416444
0.0980000000 0.2500344637
0.0990000000 0.2519185047
0.1000000000 0.2537938965
0.1010000000 0.2556607534
0.1020000000 0.2575191890
0.1030000000 0.2593693148
0.1040000000 0.2612112427
0.1050000000 0.2630450842
0.1060000000 0.2648709396
0.1070000000 0.2666889114
0.1080000000 0.2684991009
0.1090000000 0.2703016081
0.1100000000 0.2720965277
0.1110000000 0.2738839602
0.1120000000 0.2756639915
0.1130000000 0.2774367096
0.1140000000 0.2792022040
0.1150000000 0.2809605614
0.1160000000 0.2827118650
0.1170000000 0.2844562024
0.1180000000 0.2861936491
0.1190000000 0.2879242840
0.1200000000 0.2896481856
0.1210000000 0.2913654294
0.1220000000 0.2930760898
0.1230000000 0.2947802377
0.1240000000 0.2964779504
0.1250000000 0.2981692939
0.1260000000 0.2998543397
0.1270000000 0.3015331556
0.1280000000 0.3032058053
0.1290000000 0.3048723536
0.1300000000 0.3065328644
0.1310000000 0.3081873993
0.1320000000 0.3098360207
0.1330000000 0.3114787865
0.1340000000 0.3131157609
0.1350000000 0.3147469967
0.1360000000 0.3163725491
0.1370000000 0.3179924821
0.1380000000 0.3196068408
0.1390000000 0.3212156862
0.1400000000 0.3228190707
0.1410000000 0.3244170459
0.1420000000 0.3260096628
0.1430000000 0.3275969716
0.1440000000 0.3291790181
0.1450000000 0.3307558544
0.1460000000 0.3323275302
0.1470000000 0.3338940933
0.1480000000 0.3354555888
0.1490000000 0.3370120588
0.1500000000 0.3385635488
0.1510000000 0.3401101032
0.1520000000 0.3416517652
0.1530000000 0.3431885765
0.1540000000 0.3447205847
0.1550000000 0.3462478276
0.1560000000 0.3477703460
0.1570000000 0.3492881790
0.1580000000 0.3508013675
0.1590000000 0.3523099455
0.1600000000 0.3538139498
0.1610000000 0.3553134291
0.1620000000 0.3568084132
0.1630000000 0.3582989401
0.1640000000 0.3597850440
0.1650000000 0.3612667712
0.1660000000 0.3627441422
0.1670000000 0.3642171954
0.1680000000 0.3656859655
0.1690000000 0.3671504879
0.1700000000 0.3686107927
0.1710000000 0.3700669145
0.1720000000 0.3715188845
0.1730000000 0.3729667352
0.1740000000 0.3744104975
0.1750000000 0.3758502004
0.1760000000 0.3772858748
0.1770000000 0.3787175463
0.1780000000 0.3801452486
0.1790000000 0.3815690111
0.1800000000 0.3829888587
0.1810000000 0.3844048222
0.1820000000 0.3858169280
0.1830000000 0.3872252084
0.1840000000 0.3886296878
0.1850000000 0.3900303989
0.1860000000 0.3914273623
0.1870000000 0.3928206041
0.1880000000 0.3942101492
0.1890000000 0.3955960263
0.1900000000 0.3969782567
0.1910000000 0.3983568683
0.1920000000 0.3997318862
0.1930000000 0.4011033262
0.1940000000 0.4024712188
0.1950000000 0.4038355876
0.1960000000 0.4051964607
0.1970000000 0.4065538580
0.1980000000 0.4079078010
0.1990000000 0.4092583082
0.2000000000 0.4106054068
0.2010000000 0.4119491174
0.2020000000 0.4132894606
0.2030000000 0.4146264558
0.2040000000 0.4159601279
0.2050000000 0.4172904956
0.2060000000 0.4186175836
0.2070000000 0.4199414101
0.2080000000 0.4212619966
0.2090000000 0.4225793588
0.2100000000 0.4238935213
0.2110000000 0.4252044990
0.2120000000 0.4265123124
0.2130000000 0.4278169829
0.2140000000 0.4291185319
0.2150000000 0.4304169731
0.2160000000 0.4317123244
0.2170000000 0.4330046068
0.2180000000 0.4342938357
0.2190000000 0.4355800319
0.2200000000 0.4368632115
0.2210000000 0.4381433891
0.2220000000 0.4394205843
0.2230000000 0.4406948164
0.2240000000 0.4419661052
0.2250000000 0.4432344625
0.2260000000 0.4444999053
0.2270000000 0.4457624489
0.2280000000 0.4470221084
0.2290000000 0.4482788998
0.2300000000 0.4495328415
0.2310000000 0.4507839510
0.2320000000 0.4520322375
0.2330000000 0.4532777179
0.2340000000 0.4545204085
0.2350000000 0.4557603250
0.2360000000 0.4569974844
0.2370000000 0.4582318983
0.2380000000 0.4594635768
0.2390000000 0.4606925413
0.2400000000 0.4619188024
0.2410000000 0.4631423778
0.2420000000 0.4643632793
0.2430000000 0.4655815207
0.2440000000 0.4667971158
0.2450000000 0.4680100801
0.2460000000 0.4692204228
0.2470000000 0.4704281595
0.2480000000 0.4716333070
0.2490000000 0.4728358705
0.2500000000 0.4740358670
0.2510000000 0.4752333057
0.2520000000 0.4764282039
0.2530000000 0.4776205747
0.2540000000 0.4788104283
0.2550000000 0.4799977778
0.2560000000 0.4811826355
0.2570000000 0.4823650142
0.2580000000 0.4835449257
0.2590000000 0.4847223805
0.2600000000 0.4858973914
0.2610000000 0.4870699713
0.2620000000 0.4882401320
0.2630000000 0.4894078863
0.2640000000 0.4905732416
0.2650000000 0.4917362122
0.2660000000 0.4928968042
0.2670000000 0.4940550333
0.2680000000 0.4952109077
0.2690000000 0.4963644348
0.2700000000 0.4975156300
0.2710000000 0.4986645037
0.2720000000 0.4998110633
0.2730000000 0.5009553217
0.2740000000 0.5020972903
0.2750000000 0.5032369821
0.2760000000 0.5043744040
0.2770000000 0.5055095645
0.2780000000 0.5066424768
0.2790000000 0.5077731528
0.2800000000 0.5089015985
0.2810000000 0.5100278207
0.2820000000 0.5111518319
0.2830000000 0.5122736434
0.2840000000 0.5133932602
0.2850000000 0.5145106957
0.2860000000 0.5156259610
0.2870000000 0.5167390649
0.2880000000 0.5178500138
0.2890000000 0.5189588169
0.2900000000 0.5200654829
0.2910000000 0.5211700208
0.2920000000 0.5222724406
0.2930000000 0.5233727537
0.2940000000 0.5244709688
0.2950000000 0.5255670935
0.2960000000 0.5266611325
0.2970000000 0.5277530996
0.2980000000 0.5288430005
0.2990000000 0.5299308446
0.3000000000 0.5310166462
0.3010000000 0.5321004065
0.3020000000 0.5331821331
0.3030000000 0.5342618348
0.3040000000 0.5353395241
0.3050000000 0.5364152030
0.3060000000 0.5374888798
0.3070000000 0.5385605625
0.3080000000 0.5396302643
0.3090000000 0.5406979881
0.3100000000 0.5417637428
0.3110000000 0.5428275405
0.3120000000 0.5438893853
0.3130000000 0.5449492854
0.3140000000 0.5460072485
0.3150000000 0.5470632825
0.3160000000 0.5481173933
0.3170000000 0.5491695871
0.3180000000 0.5502198751
0.3190000000 0.5512682581
0.3200000000 0.5523147524
0.3210000000 0.5533593600
0.3220000000 0.5544020882
0.3230000000 0.5554429402
0.3240000000 0.5564819262
0.3250000000 0.5575190530
0.3260000000 0.5585543273
0.3270000000 0.5595877554
0.3280000000 0.5606193438
0.3290000000 0.5616490987
0.3300000000 0.5626770242
0.3310000000 0.5637031314
0.3320000000 0.5647274252
0.3330000000 0.5657499148
0.3340000000 0.5667706057
0.3350000000 0.5677895044
0.3360000000 0.5688066165
0.3370000000 0.5698219528
0.3380000000 0.5708355153
0.3390000000 0.5718473079
0.3400000000 0.5728573401
0.3410000000 0.5738656159
0.3420000000 0.5748721429
0.3430000000 0.5758769261
0.3440000000 0.5768799675
0.3450000000 0.5778812801
0.3460000000 0.5788808685
0.3470000000 0.5798787363
0.3480000000 0.5808748904
0.3490000000 0.5818693350
0.3500000000 0.5828620792
0.3510000000 0.5838531257
0.3520000000 0.5848424828
0.3530000000 0.5858301587
0.3540000000 0.5868161544
0.3550000000 0.5878004762
0.3560000000 0.5887831286
0.3570000000 0.5897641227
0.3580000000 0.5907434593
0.3590000000 0.5917211442
0.3600000000 0.5926971842
0.3610000000 0.5936715823
0.3620000000 0.5946443420
0.3630000000 0.5956154722
0.3640000000 0.5965849794
0.3650000000 0.5975528698
0.3660000000 0.5985191434
0.3670000000 0.5994838083
0.3680000000 0.6004468691
0.3690000000 0.6014083313
0.3700000000 0.6023681993
0.3710000000 0.6033264785
0.3720000000 0.6042831730
0.3730000000 0.6052382885
0.3740000000 0.6061918342
0.3750000000 0.6071438130
0.3760000000 0.6080942275
0.3770000000 0.6090430824
0.3780000000 0.6099903827
0.3790000000 0.6109361325
0.3800000000 0.6118803418
0.3810000000 0.6128230073
0.3820000000 0.6137641409
0.3830000000 0.6147037453
0.3840000000 0.6156418261
0.3850000000 0.6165783799
0.3860000000 0.6175134179
0.3870000000 0.6184469460
0.3880000000 0.6193789626
0.3890000000 0.6203094762
0.3900000000 0.6212384916
0.3910000000 0.6221660138
0.3920000000 0.6230920465
0.3930000000 0.6240165928
0.3940000000 0.6249396578
0.3950000000 0.6258612450
0.3960000000 0.6267813595
0.3970000000 0.6277000071
0.3980000000 0.6286171915
0.3990000000 0.6295329167
0.4000000000 0.6304471869
0.4010000000 0.6313600055
0.4020000000 0.6322713722
0.4030000000 0.6331812965
0.4040000000 0.6340897832
0.4050000000 0.6349968357
0.4060000000 0.6359024581
0.4070000000 0.6368066502
0.4080000000 0.6377094197
0.4090000000 0.6386107727
0.4100000000 0.6395107104
0.4110000000 0.6404092371
0.4120000000 0.6413063577
0.4130000000 0.6422020759
0.4140000000 0.6430963959
0.4150000000 0.6439893202
0.4160000000 0.6448808513
0.4170000000 0.6457709951
0.4180000000 0.6466597555
0.4190000000 0.6475471405
0.4200000000 0.6484331491
0.4210000000 0.6493177854
0.4220000000 0.6502010509
0.4230000000 0.6510829524
0.4240000000 0.6519634926
0.4250000000 0.6528426746
0.4260000000 0.6537205041
0.4270000000 0.6545969826
0.4280000000 0.6554721147
0.4290000000 0.6563459042
0.4300000000 0.6572183548
0.4310000000 0.6580894680
0.4320000000 0.6589592484
0.4330000000 0.6598276994
0.4340000000 0.6606948251
0.4350000000 0.6615606314
0.4360000000 0.6624251202
0.4370000000 0.6632882938
0.4380000000 0.6641501543
0.4390000000 0.6650107049
0.4400000000 0.6658699507
0.4410000000 0.6667278949
0.4420000000 0.6675845411
0.4430000000 0.6684398922
0.4440000000 0.6692939516
0.4450000000 0.6701467224
0.4460000000 0.6709982083
0.4470000000 0.6718484149
0.4480000000 0.6726973428
0.4490000000 0.6735449946
0.4500000000 0.6743913729
0.4510000000 0.6752364865
0.4520000000 0.6760803369
0.4530000000 0.6769229262
0.4540000000 0.6777642531
0.4550000000 0.6786043230
0.4560000000 0.6794431395
0.4570000000 0.6802807055
0.4580000000 0.6811170233
0.4590000000 0.6819520988
0.4600000000 0.6827859351
0.4610000000 0.6836185294
0.4620000000 0.6844498914
0.4630000000 0.6852800223
0.4640000000 0.6861089234
0.4650000000 0.6869365972
0.4660000000 0.6877630497
0.4670000000 0.6885882822
0.4680000000 0.6894122959
0.4690000000 0.6902350973
0.4700000000 0.6910566869
0.4710000000 0.6918770650
0.4720000000 0.6926962364
0.4730000000 0.6935141991
0.4740000000 0.6943309616
0.4750000000 0.6951465258
0.4760000000 0.6959608933
0.4770000000 0.6967740648
0.4780000000 0.6975860471
0.4790000000 0.6983968374
0.4800000000 0.6992064459
0.4810000000 0.7000148739
0.4820000000 0.7008221241
0.4830000000 0.7016281988
0.4840000000 0.7024331008
0.4850000000 0.7032368314
0.4860000000 0.7040393946
0.4870000000 0.7048407918
0.4880000000 0.7056410287
0.4890000000 0.7064401061
0.4900000000 0.7072380244
0.4910000000 0.7080347875
0.4920000000 0.7088304025
0.4930000000 0.7096248680
0.4940000000 0.7104181862
0.4950000000 0.7112103614
0.4960000000 0.7120013934
0.4970000000 0.7127912853
0.4980000000 0.7135800409
0.4990000000 0.7143676635
0.5000000000 0.7151541528
0.5010000000 0.7159395128
0.5020000000 0.7167237467
0.5030000000 0.7175068566
0.5040000000 0.7182888449
0.5050000000 0.7190697123
0.5060000000 0.7198494637
0.5070000000 0.7206281018
0.5080000000 0.7214056281
0.5090000000 0.7221820432
0.5100000000 0.7229573509
0.5110000000 0.7237315539
0.5120000000 0.7245046538
0.5130000000 0.7252766533
0.5140000000 0.7260475574
0.5150000000 0.7268173646
0.5160000000 0.7275860767
0.5170000000 0.7283536969
0.5180000000 0.7291202295
0.5190000000 0.7298856793
0.5200000000 0.7306500449
0.5210000000 0.7314133291
0.5220000000 0.7321755345
0.5230000000 0.7329366634
0.5240000000 0.7336967184
0.5250000000 0.7344556981
0.5260000000 0.7352136050
0.5270000000 0.7359704427
0.5280000000 0.7367262144
0.5290000000 0.7374809217
0.5300000000 0.7382345667
0.5310000000 0.7389871519
0.5320000000 0.7397386799
0.5330000000 0.7404891518
0.5340000000 0.7412385703
0.5350000000 0.7419869369
0.5360000000 0.7427342554
0.5370000000 0.7434805270
0.5380000000 0.7442257534
0.5390000000 0.7449699355
0.5400000000 0.7457130774
0.5410000000 0.7464551813
0.5420000000 0.7471962490
0.5430000000 0.7479362825
0.5440000000 0.7486752832
0.5450000000 0.7494132532
0.5460000000 0.7501501946
0.5470000000 0.7508861097
0.5480000000 0.7516209991
0.5490000000 0.7523548655
0.5500000000 0.7530877130
0.5510000000 0.7538195422
0.5520000000 0.7545503544
0.5530000000 0.7552801527
0.5540000000 0.7560089389
0.5550000000 0.7567367137
0.5560000000 0.7574634797
0.5570000000 0.7581892350
0.5580000000 0.7589139843
0.5590000000 0.7596377307
0.5600000000 0.7603604765
0.5610000000 0.7610822223
0.5620000000 0.7618029686
0.5630000000 0.7625227214
0.5640000000 0.7632414832
0.5650000000 0.7639592488
0.5660000000 0.7646760276
0.5670000000 0.7653918191
0.5680000000 0.7661066243
0.5690000000 0.7668204454
0.5700000000 0.7675332831
0.5710000000 0.7682451385
0.5720000000 0.7689560164
0.5730000000 0.7696659161
0.5740000000 0.7703748414
0.5750000000 0.7710827915
0.5760000000 0.7717897704
0.5770000000 0.7724957793
0.5780000000 0.7732008213
0.5790000000 0.7739048926
0.5800000000 0.7746079996
0.5810000000 0.7753101447
0.5820000000 0.7760113275
0.5830000000 0.7767115502
0.5840000000 0.7774108204
0.5850000000 0.7781091375
0.5860000000 0.7788065000
0.5870000000 0.7795029076
0.5880000000 0.7801983650
0.5890000000 0.7808928728
0.5900000000 0.7815864334
0.5910000000 0.7822790489
0.5920000000 0.7829707220
0.5930000000 0.7836614511
0.5940000000 0.7843512387
0.5950000000 0.7850400910
0.5960000000 0.7857280009
0.5970000000 0.7864149755
0.5980000000 0.7871010152
0.5990000000 0.7877861221
0.6000000000 0.7884703044
0.6010000000 0.7891535555
0.6020000000 0.7898358786
0.6030000000 0.7905172763
0.6040000000 0.7911977493
0.6050000000 0.7918772989
0.6060000000 0.7925559270
0.6070000000 0.7932336356
0.6080000000 0.7939104192
0.6090000000 0.7945862871
0.6100000000 0.7952612380
0.6110000000 0.7959352758
0.6120000000 0.7966084004
0.6130000000 0.7972806176
0.6140000000 0.7979519261
0.6150000000 0.7986223266
0.6160000000 0.7992918207
0.6170000000 0.7999604101
0.6180000000 0.8006280968
0.6190000000 0.8012948843
0.6200000000 0.8019607712
0.6210000000 0.8026257581
0.6220000000 0.8032898492
0.6230000000 0.8039530453
0.6240000000 0.8046153456
0.6250000000 0.8052767518
0.6260000000 0.8059372657
0.6270000000 0.8065968926
0.6280000000 0.8072556322
0.6290000000 0.8079134834
0.6300000000 0.8085704485
0.6310000000 0.8092265305
0.6320000000 0.8098817308
0.6330000000 0.8105360505
0.6340000000 0.8111894896
0.6350000000 0.8118420507
0.6360000000 0.8124937348
0.6370000000 0.8131445436
0.6380000000 0.8137944795
0.6390000000 0.8144435387
0.6400000000 0.8150917259
0.6410000000 0.8157390432
0.6420000000 0.8163854962
0.6430000000 0.8170310811
0.6440000000 0.8176758016
0.6450000000 0.8183196555
0.6460000000 0.8189626451
0.6470000000 0.8196047728
0.6480000000 0.8202460427
0.6490000000 0.8208864536
0.6500000000 0.8215260039
0.6510000000 0.8221646980
0.6520000000 0.8228025335
0.6530000000 0.8234395162
0.6540000000 0.8240756461
0.6550000000 0.8247109243
0.6560000000 0.8253453527
0.6570000000 0.8259789331
0.6580000000 0.8266116685
0.6590000000 0.8272435562
0.6600000000 0.8278745990
0.6610000000 0.8285047988
0.6620000000 0.8291341576
0.6630000000 0.8297626767
0.6640000000 0.8303903564
0.6650000000 0.8310172005
0.6660000000 0.8316432074
0.6670000000 0.8322683783
0.6680000000 0.8328927148
0.6690000000 0.8335162156
0.6700000000 0.8341388846
0.6710000000 0.8347607230
0.6720000000 0.8353817322
0.6730000000 0.8360019124
0.6740000000 0.8366212686
0.6750000000 0.8372397991
0.6760000000 0.8378575067
0.6770000000 0.8384743886
0.6780000000 0.8390904477
0.6790000000 0.8397056864
0.6800000000 0.8403201054
0.6810000000 0.8409337072
0.6820000000 0.8415464906
0.6830000000 0.8421584600
0.6840000000 0.8427696145
0.6850000000 0.8433799548
0.6860000000 0.8439894829
0.6870000000 0.8445981993
0.6880000000 0.8452061066
0.6890000000 0.8458132045
0.6900000000 0.8464194939
0.6910000000 0.8470249755
0.6920000000 0.8476296514
0.6930000000 0.8482335227
0.6940000000 0.8488365910
0.6950000000 0.8494388568
0.6960000000 0.8500403213
0.6970000000 0.8506409898
0.6980000000 0.8512408585
0.6990000000 0.8518399294
0.7000000000 0.8524382034
0.7010000000 0.8530356816
0.7020000000 0.8536323648
0.7030000000 0.8542282540
0.7040000000 0.8548233522
0.7050000000 0.8554176588
0.7060000000 0.8560111753
0.7070000000 0.8566039030
0.7080000000 0.8571958431
0.7090000000 0.8577869963
0.7100000000 0.8583773640
0.7110000000 0.8589669458
0.7120000000 0.8595557442
0.7130000000 0.8601437596
0.7140000000 0.8607309937
0.7150000000 0.8613174461
0.7160000000 0.8619031210
0.7170000000 0.8624880172
0.7180000000 0.8630721365
0.7190000000 0.8636554793
0.7200000000 0.8642380478
0.7210000000 0.8648198426
0.7220000000 0.8654008646
0.7230000000 0.8659811151
0.7240000000 0.8665605949
0.7250000000 0.8671393041
0.7260000000 0.8677172447
0.7270000000 0.8682944165
0.7280000000 0.8688708210
0.7290000000 0.8694464598
0.7300000000 0.8700213335
0.7310000000 0.8705954447
0.7320000000 0.8711687924
0.7330000000 0.8717413786
0.7340000000 0.8723132040
0.7350000000 0.8728842700
0.7360000000 0.8734545786
0.7370000000 0.8740241284
0.7380000000 0.8745929222
0.7390000000 0.8751609585
0.7400000000 0.8757282406
0.7410000000 0.8762947687
0.7420000000 0.8768605443
0.7430000000 0.8774255704
0.7440000000 0.8779898455
0.7450000000 0.8785533700
0.7460000000 0.8791161453
0.7470000000 0.8796781738
0.7480000000 0.8802394553
0.7490000000 0.8807999909
0.7500000000 0.8813597809
0.7510000000 0.8819188263
0.7520000000 0.8824771287
0.7530000000 0.8830346906
0.7540000000 0.8835915074
0.7550000000 0.8841475847
0.7560000000 0.8847029232
0.7570000000 0.8852575224
0.7580000000 0.8858113827
0.7590000000 0.8863645058
0.7600000000 0.8869168929
0.7610000000 0.8874685449
0.7620000000 0.8880194606
0.7630000000 0.8885696438
0.7640000000 0.8891190951
0.7650000000 0.8896678149
0.7660000000 0.8902158031
0.7670000000 0.8907630617
0.7680000000 0.8913095920
0.7690000000 0.8918553966
0.7700000000 0.8924004738
0.7710000000 0.8929448236
0.7720000000 0.8934884488
0.7730000000 0.8940313497
0.7740000000 0.8945735275
0.7750000000 0.8951149829
0.7760000000 0.8956557170
0.7770000000 0.8961957303
0.7780000000 0.8967350221
0.7790000000 0.8972735947
0.7800000000 0.8978114493
0.7810000000 0.8983485867
0.7820000000 0.8988850075
0.7830000000 0.8994207131
0.7840000000 0.8999557028
0.7850000000 0.9004899781
0.7860000000 0.9010235399
0.7870000000 0.9015563899
0.7880000000 0.9020885287
0.7890000000 0.9026199569
0.7900000000 0.9031506759
0.7910000000 0.9036806851
0.7920000000 0.9042099867
0.7930000000 0.9047385814
0.7940000000 0.9052664696
0.7950000000 0.9057936519
0.7960000000 0.9063201314
0.7970000000 0.9068459041
0.7980000000 0.9073709745
0.7990000000 0.9078953423
0.8000000000 0.9084190084
0.8010000000 0.9089419737
0.8020000000 0.9094642393
0.8030000000 0.9099858056
0.8040000000 0.9105066744
0.8050000000 0.9110268458
0.8060000000 0.9115463193
0.8070000000 0.9120650967
0.8080000000 0.9125831775
0.8090000000 0.9131005645
0.8100000000 0.9136172582
0.8110000000 0.9141332596
0.8120000000 0.9146485686
0.8130000000 0.9151631873
0.8140000000 0.9156771165
0.8150000000 0.9161903563
0.8160000000 0.9167029047
0.8170000000 0.9172147652
0.8180000000 0.9177259390
0.8190000000 0.9182364258
0.8200000000 0.9187462263
0.8210000000 0.9192553405
0.8220000000 0.9197637709
0.8230000000 0.9202715177
0.8240000000 0.9207785822
0.8250000000 0.9212849645
0.8260000000 0.9217906654
0.8270000000 0.9222956840
0.8280000000 0.9228000281
0.8290000000 0.9233036893
0.8300000000 0.9238066719
0.8310000000 0.9243089768
0.8320000000 0.9248106044
0.8330000000 0.9253115552
0.8340000000 0.9258118302
0.8350000000 0.9263114291
0.8360000000 0.9268103561
0.8370000000 0.9273086102
0.8380000000 0.9278061922
0.8390000000 0.9283031022
0.8400000000 0.9287993409
0.8410000000 0.9292949095
0.8420000000 0.9297898071
0.8430000000 0.9302840370
0.8440000000 0.9307775995
0.8450000000 0.9312704917
0.8460000000 0.9317627179
0.8470000000 0.9322542772
0.8480000000 0.9327451719
0.8490000000 0.9332353989
0.8500000000 0.9337249617
0.8510000000 0.9342138599
0.8520000000 0.9347020967
0.8530000000 0.9351896726
0.8540000000 0.9356765863
0.8550000000 0.9361628390
0.8560000000 0.9366484321
0.8570000000 0.9371333657
0.8580000000 0.9376176414
0.8590000000 0.9381012586
0.8600000000 0.9385842183
0.8610000000 0.9390665217
0.8620000000 0.9395481694
0.8630000000 0.9400291617
0.8640000000 0.9405094995
0.8650000000 0.9409891837
0.8660000000 0.9414682146
0.8670000000 0.9419465934
0.8680000000 0.9424243205
0.8690000000 0.9429013970
0.8700000000 0.9433778224
0.8710000000 0.9438535984
0.8720000000 0.9443287258
0.8730000000 0.9448032051
0.8740000000 0.9452770357
0.8750000000 0.9457502181
0.8760000000 0.9462227522
0.8770000000 0.9466946432
0.8780000000 0.9471658910
0.8790000000 0.9476364929
0.8800000000 0.9481064509
0.8810000000 0.9485757644
0.8820000000 0.9490444355
0.8830000000 0.9495124661
0.8840000000 0.9499798543
0.8850000000 0.9504466023
0.8860000000 0.9509127086
0.8870000000 0.9513781754
0.8880000000 0.9518430034
0.8890000000 0.9523071939
0.8900000000 0.9527707467
0.8910000000 0.9532336611
0.8920000000 0.9536959395
0.8930000000 0.9541575844
0.8940000000 0.9546185937
0.8950000000 0.9550789686
0.8960000000 0.9555387094
0.8970000000 0.9559978158
0.8980000000 0.9564562894
0.8990000000 0.9569141304
0.9000000000 0.9573713410
0.9010000000 0.9578279203
0.9020000000 0.9582838693
0.9030000000 0.9587391889
0.9040000000 0.9591938797
0.9050000000 0.9596479420
0.9060000000 0.9601013763
0.9070000000 0.9605541827
0.9080000000 0.9610063623
0.9090000000 0.9614579157
0.9100000000 0.9619088434
0.9110000000 0.9623591456
0.9120000000 0.9628088235
0.9130000000 0.9632578777
0.9140000000 0.9637063110
0.9150000000 0.9641541211
0.9160000000 0.9646013086
0.9170000000 0.9650478732
0.9180000000 0.9654938191
0.9190000000 0.9659391444
0.9200000000 0.9663838494
0.9210000000 0.9668279351
0.9220000000 0.9672714019
0.9230000000 0.9677142509
0.9240000000 0.9681564818
0.9250000000 0.9685980938
0.9260000000 0.9690390933
0.9270000000 0.9694794761
0.9280000000 0.9699192422
0.9290000000 0.9703583969
0.9300000000 0.9707969363
0.9310000000 0.9712348638
0.9320000000 0.9716721772
0.9330000000 0.9721088773
0.9340000000 0.9725449682
0.9350000000 0.9729804471
0.9360000000 0.9734153146
0.9370000000 0.9738495716
0.9380000000 0.9742832195
0.9390000000 0.9747162575
0.9400000000 0.9751486863
0.9410000000 0.9755805063
0.9420000000 0.9760117201
0.9430000000 0.9764423269
0.9440000000 0.9768723280
0.9450000000 0.9773017230
0.9460000000 0.9777305107
0.9470000000 0.9781586955
0.9480000000 0.9785862758
0.9490000000 0.9790132516
0.9500000000 0.9794396240
0.9510000000 0.9798653939
0.9520000000 0.9802905611
0.9530000000 0.9807151266
0.9540000000 0.9811390902
0.9550000000 0.9815624533
0.9560000000 0.9819852167
0.9570000000 0.9824073799
0.9580000000 0.9828289436
0.9590000000 0.9832499094
0.9600000000 0.9836702760
0.9610000000 0.9840900460
0.9620000000 0.9845092187
0.9630000000 0.9849277947
0.9640000000 0.9853457763
0.9650000000 0.9857631574
0.9660000000 0.9861799467
0.9670000000 0.9865961398
0.9680000000 0.9870117407
0.9690000000 0.9874267463
0.9700000000 0.9878411579
0.9710000000 0.9882549748
0.9720000000 0.9886682013
0.9730000000 0.9890808372
0.9740000000 0.9894928810
0.9750000000 0.9899043329
0.9760000000 0.9903151959
0.9770000000 0.9907254706
0.9780000000 0.9911351534
0.9790000000 0.9915442489
0.9800000000 0.9919527545
0.9810000000 0.9923606702
0.9820000000 0.9927679992
0.9830000000 0.9931747401
0.9840000000 0.9935808954
0.9850000000 0.9939864638
0.9860000000 0.9943914462
0.9870000000 0.9947958429
0.9880000000 0.9951996557
0.9890000000 0.9956028843
0.9900000000 0.9960055301
0.9910000000 0.9964075913
0.9920000000 0.9968090712
0.9930000000 0.9972099688
0.9940000000 0.9976102842
0.9950000000 0.9980100201
0.9960000000 0.9984091750
0.9970000000 0.9988077490
0.9980000000 0.9992057452
0.9990000000 0.9996031620
1.0000000000 1.0000000000
