10 20
-37
58
-51
65
27
90
37
12
-15
54
-49
63
-95
55
0
0
0
0
0
0
-63
-23
94
-30
-100
18
-37
28
83
77
85
-28
47
-70
0
0
0
0
0
0
-1
55
34
-8
-88
-82
-34
54
-10
2
-3
75
40
83
0
0
0
0
0
0
2
-11
-52
33
8
-19
21
29
-4
65
88
22
82
13
0
0
0
0
0
0
83
92
67
74
79
97
91
96
50
51
80
85
59
54
1
0
0
0
0
0
-80
82
22
66
-19
4
12
27
-68
20
-41
16
-7
-27
0
1
0
0
0
0
100
-1
-10
-16
85
99
6
-25
-100
77
100
-6
71
21
0
0
1
0
0
0
83
65
-19
29
0
-8
-25
84
63
32
-40
-45
-9
95
0
0
0
1
0
0
63
-11
-100
-9
77
1
37
79
13
-69
76
51
22
-27
0
0
0
0
-1
0
-52
-13
100
-69
-19
-7
97
-52
70
-34
88
78
86
0
0
0
0
0
0
-1
