10 24
74
77
12
97
23
65
10
63
77
62
37
11
43
48
-1
0
0
0
0
0
0
0
0
0
38
72
86
30
72
83
24
95
89
37
84
68
17
36
0
-1
0
0
0
0
0
0
0
0
88
86
6
4
67
77
22
84
9
69
41
75
73
100
0
0
-1
0
0
0
0
0
0
0
58
14
78
16
2
26
94
84
84
18
67
79
98
86
0
0
0
-1
0
0
0
0
0
0
42
26
67
57
59
27
52
0
43
4
3
35
100
56
0
0
0
0
-1
0
0
0
0
0
41
1
14
91
92
41
25
75
3
93
16
57
27
98
0
0
0
0
0
-1
0
0
0
0
41
64
100
71
56
27
30
42
44
31
0
71
85
13
0
0
0
0
0
0
-1
0
0
0
34
83
51
71
49
80
58
95
69
17
30
11
95
4
0
0
0
0
0
0
0
-1
0
0
52
78
27
100
49
64
25
41
48
84
0
88
4
15
0
0
0
0
0
0
0
0
-1
0
81
84
67
95
8
11
1
20
83
95
48
37
91
47
0
0
0
0
0
0
0
0
0
-1
