-57
42
11
-43
32
-12
-44
-18
93
53
92
-64
-1
4
0
0
0
0
0
0
9
-12
70
-54
-32
77
46
-25
100
52
-51
-11
-85
-65
0
0
0
0
0
0
-58
-93
96
-75
-1
73
64
60
9
29
1
-77
-74
63
0
0
0
0
0
0
71
-4
-14
19
65
-80
100
26
-10
62
-10
7
0
-40
0
0
0
0
0
0
-3
16
37
-51
83
-63
24
33
-34
-3
76
-52
68
-68
1
0
0
0
0
0
45
32
51
-79
41
90
-28
35
-68
-6
-75
16
79
84
0
1
0
0
0
0
11
-56
7
-37
-5
71
-85
68
66
-2
-3
-37
74
41
0
0
1
0
0
0
69
72
73
84
60
56
50
88
56
73
0
66
63
12
0
0
0
1
0
0
67
25
45
42
52
92
6
20
11
6
12
77
61
88
0
0
0
0
1
0
47
4
85
65
89
83
28
17
37
93
2
17
66
27
0
0
0
0
0
1
