-18
86
-60
42
47
0
-21
24
12
71
54
-58
-21
78
0
0
0
0
0
0
33
82
-87
50
-20
-26
-7
67
63
-21
-20
26
38
-43
0
0
0
0
0
0
8
64
48
-94
53
44
81
-1
49
-11
22
59
-44
-56
0
0
0
0
0
0
-7
35
-92
-4
-66
44
4
97
14
51
14
65
-83
-49
0
0
0
0
0
0
95
58
63
98
52
50
72
91
98
68
85
91
85
92
1
0
0
0
0
0
-20
-32
66
41
44
40
19
-17
15
-18
-76
24
-5
-13
0
1
0
0
0
0
91
-97
76
-99
-11
-17
18
41
43
-64
15
31
10
96
0
0
1
0
0
0
94
28
-68
-97
63
63
-84
87
-51
-39
-48
-87
80
99
0
0
0
1
0
0
11
61
24
91
-94
54
-98
68
53
-33
-96
75
-39
72
0
0
0
0
1
0
-55
-9
-72
19
-38
13
52
-70
-52
61
27
94
15
38
0
0
0
0
0
-1
