10 24
60
1
76
9
0
57
44
61
46
24
32
7
14
19
-1
0
0
0
0
0
0
0
0
0
78
34
47
94
78
96
76
51
29
66
33
56
96
5
0
-1
0
0
0
0
0
0
0
0
21
40
27
73
43
50
80
100
75
33
81
99
40
70
0
0
-1
0
0
0
0
0
0
0
91
83
83
23
3
47
97
73
8
85
6
87
62
97
0
0
0
-1
0
0
0
0
0
0
44
93
79
78
75
39
45
78
87
80
56
11
81
17
0
0
0
0
-1
0
0
0
0
0
89
25
37
38
72
7
24
94
73
12
49
19
16
56
0
0
0
0
0
-1
0
0
0
0
25
62
26
45
51
44
73
38
54
13
94
16
52
98
0
0
0
0
0
0
-1
0
0
0
5
18
35
38
33
9
29
39
6
1
54
14
86
85
0
0
0
0
0
0
0
-1
0
0
45
13
13
1
49
40
20
36
78
78
49
44
56
6
0
0
0
0
0
0
0
0
-1
0
0
43
45
51
14
89
55
71
59
32
77
97
26
91
0
0
0
0
0
0
0
0
0
-1
