10 24
76
32
7
1
85
20
18
40
72
83
86
34
97
63
-1
0
0
0
0
0
0
0
0
0
19
24
27
45
51
87
37
13
73
56
37
89
33
1
0
-1
0
0
0
0
0
0
0
0
47
44
29
16
87
71
33
9
70
60
6
86
85
25
0
0
-1
0
0
0
0
0
0
0
42
48
37
36
57
57
1
11
56
99
62
58
51
40
0
0
0
-1
0
0
0
0
0
0
49
89
10
54
80
76
50
93
28
96
88
100
22
74
0
0
0
0
-1
0
0
0
0
0
15
18
58
73
96
20
32
93
56
95
7
28
14
28
0
0
0
0
0
-1
0
0
0
0
25
31
53
63
9
78
15
79
42
95
32
12
57
46
0
0
0
0
0
0
-1
0
0
0
78
7
12
86
98
68
9
91
5
35
98
44
0
0
0
0
0
0
0
0
0
-1
0
0
63
8
4
1
68
13
20
4
8
17
68
93
85
74
0
0
0
0
0
0
0
0
-1
0
74
32
32
21
42
37
65
25
57
91
28
10
31
79
0
0
0
0
0
0
0
0
0
-1
