10 20
22
-91
-57
79
59
68
78
14
-34
14
98
-19
37
42
0
0
0
0
0
0
-22
-96
-42
100
-35
-61
-42
100
57
-2
5
-54
80
78
0
0
0
0
0
0
-7
45
-61
-58
23
83
-93
43
-33
-40
-53
70
61
97
0
0
0
0
0
0
20
-51
10
-43
60
-96
64
-53
62
-5
-21
-58
79
58
0
0
0
0
0
0
38
83
-27
34
-4
8
85
72
52
-41
77
-45
-78
71
1
0
0
0
0
0
-6
34
99
-47
43
-46
-4
60
-2
-77
100
59
21
57
0
-1
0
0
0
0
88
-25
47
29
-85
-28
2
-13
12
57
-65
9
96
8
0
0
-1
0
0
0
81
56
79
48
34
57
72
5
44
34
32
17
32
60
0
0
0
1
0
0
87
54
87
19
3
34
18
3
37
85
24
45
85
70
0
0
0
0
1
0
99
99
75
90
24
3
57
79
42
87
95
89
65
89
0
0
0
0
0
1
