10 20
5
73
46
16
72
-92
38
3
51
20
-63
73
-71
9
0
0
0
0
0
0
33
-68
-21
-26
13
-48
15
38
-41
67
-35
84
-7
70
0
0
0
0
0
0
29
51
-45
79
42
-21
-45
-35
-18
30
-55
82
72
59
0
0
0
0
0
0
63
61
-36
61
100
-64
-26
-54
47
69
73
95
-44
-29
0
0
0
0
0
0
-100
-45
59
66
-71
-97
-33
86
-70
82
52
79
99
-14
-1
0
0
0
0
0
13
8
62
-51
48
83
70
43
56
-3
-51
-57
31
12
0
1
0
0
0
0
-48
-31
33
94
57
-55
-24
71
37
-83
48
-66
-92
90
0
0
1
0
0
0
27
40
83
54
96
40
73
61
54
44
48
77
12
93
0
0
0
1
0
0
68
28
45
69
48
52
19
19
41
89
39
3
11
86
0
0
0
0
1
0
51
80
73
73
79
31
50
94
91
54
90
5
90
68
0
0
0
0
0
1
