10 20
90
-38
60
8
-34
56
73
-52
86
34
57
-66
73
27
0
0
0
0
0
0
79
-3
2
47
48
25
44
8
11
-12
-48
-11
43
-54
0
0
0
0
0
0
86
-68
36
30
97
71
-23
11
75
-17
18
-24
10
-5
0
0
0
0
0
0
41
28
3
8
-32
-87
19
47
90
29
-77
-25
-29
76
0
0
0
0
0
0
69
55
93
53
100
60
65
76
75
91
100
99
95
54
1
0
0
0
0
0
86
-36
69
35
49
40
-13
-78
-38
62
-30
34
-38
8
0
-1
0
0
0
0
-69
10
-1
-49
79
-38
-24
38
84
-46
91
94
-69
-10
0
0
1
0
0
0
-69
-42
2
19
79
41
-98
90
12
-80
-22
27
72
3
0
0
0
1
0
0
-21
86
10
-96
27
50
13
72
31
-69
-41
-24
-16
-1
0
0
0
0
1
0
22
83
95
21
-73
-20
7
-32
53
-25
43
-54
-37
-9
0
0
0
0
0
1
