3
52
78
2
94
23
61
86
59
58
34
76
81
48
-1
0
0
0
0
0
0
0
0
0
64
14
64
36
5
19
4
13
99
84
93
20
82
45
0
-1
0
0
0
0
0
0
0
0
72
15
7
66
13
46
58
3
84
57
25
29
67
48
0
0
-1
0
0
0
0
0
0
0
8
31
96
39
9
38
48
71
69
30
55
78
38
69
0
0
0
-1
0
0
0
0
0
0
86
94
30
60
59
65
72
51
6
12
36
14
41
54
0
0
0
0
-1
0
0
0
0
0
45
31
42
34
84
19
92
18
8
4
81
54
92
97
0
0
0
0
0
-1
0
0
0
0
3
25
80
90
49
6
92
7
72
18
22
79
9
65
0
0
0
0
0
0
-1
0
0
0
28
51
73
36
70
8
3
27
43
24
30
7
30
50
0
0
0
0
0
0
0
-1
0
0
34
48
91
29
21
2
78
47
42
69
45
70
69
52
0
0
0
0
0
0
0
0
-1
0
92
72
21
78
20
37
54
63
80
57
80
33
40
7
0
0
0
0
0
0
0
0
0
-1
