10 20
70
-17
83
-91
-52
91
31
98
-39
47
34
4
40
98
0
0
0
0
0
0
-55
66
84
79
9
98
33
-21
-70
89
20
-77
23
72
0
0
0
0
0
0
-95
81
92
-11
5
64
96
94
-76
-64
-82
-45
45
-71
0
0
0
0
0
0
32
-26
5
88
59
67
10
72
-15
34
30
-11
36
71
0
0
0
0
0
0
89
83
97
53
67
81
85
53
64
91
52
67
67
82
1
0
0
0
0
0
77
-59
-7
59
97
4
-73
-1
-34
-16
0
-55
-26
67
0
-1
0
0
0
0
0
38
97
73
98
-24
-5
6
-60
-92
53
60
-82
89
0
0
-1
0
0
0
-11
47
-68
80
66
-71
-3
50
-19
20
-55
-4
-45
58
0
0
0
-1
0
0
-2
-56
57
-15
-97
48
14
50
61
79
-83
-28
60
89
0
0
0
0
1
0
56
41
-63
-18
78
35
44
69
21
61
-29
-91
65
-74
0
0
0
0
0
-1
