18
5
75
98
-7
-53
25
-29
53
62
57
81
-14
75
0
0
0
0
0
0
-13
58
91
17
90
-1
78
48
-48
-95
-57
28
-18
-63
0
0
0
0
0
0
-77
-65
-46
51
65
92
-81
95
76
-57
70
15
-27
-39
0
0
0
0
0
0
69
-69
54
-10
-47
27
46
72
-41
84
38
39
-10
-91
0
0
0
0
0
0
69
94
85
55
52
55
100
99
75
100
96
96
91
59
1
0
0
0
0
0
55
11
85
-96
24
23
-22
31
4
-8
-94
7
38
28
0
1
0
0
0
0
82
73
-98
59
-65
98
13
-92
80
73
91
-19
57
5
0
0
1
0
0
0
-10
68
-52
-10
-37
23
73
4
-34
-17
-12
54
-88
90
0
0
0
-1
0
0
-83
72
-12
99
83
9
-91
47
32
66
-83
-50
36
-86
0
0
0
0
-1
0
67
14
-25
9
90
-46
-90
12
100
77
-22
-76
34
-78
0
0
0
0
0
-1
