-34
88
50
-99
33
28
100
2
-96
25
44
28
3
-70
0
0
0
0
0
0
-23
2
1
35
36
10
-23
-83
26
91
1
89
23
67
0
0
0
0
0
0
5
86
25
-34
-26
-8
-27
64
-44
-80
5
59
28
-31
0
0
0
0
0
0
69
32
15
69
34
91
38
-92
-15
18
-4
2
38
84
0
0
0
0
0
0
81
93
65
69
58
60
83
52
97
62
57
84
94
79
1
0
0
0
0
0
9
-64
13
-17
43
49
-34
53
86
49
17
-53
-65
92
0
1
0
0
0
0
99
39
100
-97
62
8
-25
-77
51
-50
24
26
31
-14
0
0
1
0
0
0
-84
75
-98
36
74
4
-39
-35
-13
10
26
66
46
87
0
0
0
-1
0
0
-63
-55
80
-63
-35
79
41
-27
55
93
75
1
-10
26
0
0
0
0
1
0
92
-48
-29
-73
-47
90
-32
15
-35
90
62
65
8
-80
0
0
0
0
0
1
