51
75
-35
-72
-25
-23
-4
41
-15
89
-12
91
-26
-66
0
0
0
0
0
0
90
-17
-8
-54
36
-17
31
-13
18
40
-15
87
-42
-10
0
0
0
0
0
0
33
29
-67
-16
56
-58
13
-53
-21
17
97
13
-11
28
0
0
0
0
0
0
26
16
-48
69
19
82
81
-11
-41
-25
18
8
20
-17
0
0
0
0
0
0
-64
-45
-72
19
17
26
14
-19
61
36
-20
90
68
-81
1
0
0
0
0
0
-29
-89
90
29
66
82
13
-53
66
-37
41
10
10
34
0
-1
0
0
0
0
73
-21
63
-8
-99
56
-21
-86
88
90
6
92
-33
9
0
0
1
0
0
0
12
2
43
43
61
66
31
0
98
56
6
5
18
6
0
0
0
1
0
0
29
73
19
19
97
93
41
71
56
75
33
80
34
19
0
0
0
0
1
0
92
12
33
44
68
15
5
90
22
3
13
99
58
36
0
0
0
0
0
1
