10 20
-48
7
-34
66
96
26
-76
93
-53
25
-59
-62
9
52
0
0
0
0
0
0
42
44
88
68
-61
34
32
18
65
-13
-32
42
-41
18
0
0
0
0
0
0
57
10
-73
-89
71
9
-64
44
66
29
-74
79
91
-66
0
0
0
0
0
0
75
86
-96
75
-24
-27
-9
39
-53
-72
-20
-64
90
2
0
0
0
0
0
0
45
30
-52
-77
39
-67
76
76
58
-24
78
-39
-15
45
1
0
0
0
0
0
-40
-57
-64
-95
60
-37
62
38
37
64
35
-10
-27
80
0
1
0
0
0
0
-99
-38
59
56
86
68
66
-24
51
35
81
81
-87
47
0
0
1
0
0
0
100
68
90
25
11
79
87
25
32
45
79
89
85
82
0
0
0
1
0
0
11
59
4
98
26
3
85
56
29
24
96
1
13
31
0
0
0
0
1
0
59
48
26
60
7
27
88
83
2
97
27
20
66
28
0
0
0
0
0
1
