67
-10
-44
1
-33
63
92
0
29
72
91
86
45
-42
0
0
0
0
0
0
72
52
28
30
-58
-80
-41
-91
58
63
-48
94
71
42
0
0
0
0
0
0
-7
72
23
-75
9
82
45
-71
17
-43
71
-53
94
72
0
0
0
0
0
0
39
69
36
74
92
-42
-87
16
-29
-32
79
31
44
38
0
0
0
0
0
0
83
-4
35
53
70
-59
-71
80
-12
-64
14
43
46
59
-1
0
0
0
0
0
-80
100
38
44
84
-61
-75
63
25
8
80
10
83
21
0
-1
0
0
0
0
-19
17
-8
65
78
-8
80
-90
45
59
-61
-16
71
-9
0
0
1
0
0
0
73
76
43
18
13
38
59
60
69
28
58
74
60
68
0
0
0
1
0
0
77
58
88
38
38
26
77
100
38
92
45
46
78
3
0
0
0
0
1
0
10
44
92
19
95
52
4
58
46
53
86
49
20
60
0
0
0
0
0
1
