10 20
-78
-63
-63
28
-9
-70
100
65
-96
42
81
-5
75
37
0
0
0
0
0
0
61
-58
-19
-44
1
24
32
44
72
53
9
-44
-14
76
0
0
0
0
0
0
7
-40
24
25
-27
-22
-49
7
91
-48
-73
-21
59
86
0
0
0
0
0
0
48
26
-89
0
-39
22
81
-91
47
-87
84
5
-52
84
0
0
0
0
0
0
76
71
86
81
76
92
89
91
55
76
50
75
62
52
1
0
0
0
0
0
-34
-96
-55
26
59
94
39
-54
90
-58
94
-7
71
50
0
1
0
0
0
0
-80
7
-14
-15
28
95
-3
90
-2
43
25
-16
52
46
0
0
-1
0
0
0
-38
-2
71
-21
12
43
78
9
59
76
-72
-91
7
-96
0
0
0
1
0
0
-24
55
-73
-59
-55
-18
-10
71
29
91
-8
-25
69
-15
0
0
0
0
1
0
-67
40
92
52
69
91
34
76
98
80
22
8
96
77
0
0
0
0
0
1
