10 20
19
26
-30
36
85
-44
89
86
-89
14
-48
-1
-34
68
0
0
0
0
0
0
49
-100
-15
50
-84
78
63
90
20
21
-90
17
87
40
0
0
0
0
0
0
-55
79
70
58
-53
33
-32
-83
85
-96
47
73
76
34
0
0
0
0
0
0
55
44
67
10
78
4
-68
-20
95
12
-20
-86
45
83
0
0
0
0
0
0
61
86
79
51
59
67
75
70
72
82
100
85
100
68
1
0
0
0
0
0
91
29
40
95
31
-72
-56
-45
-50
97
-41
38
-32
94
0
-1
0
0
0
0
19
-26
-23
97
64
-44
86
9
-38
73
-47
52
6
25
0
0
1
0
0
0
41
36
51
5
1
-63
55
31
-79
-17
-88
-3
57
3
0
0
0
-1
0
0
81
-87
-94
-93
14
57
9
38
93
2
-91
32
-39
91
0
0
0
0
1
0
-56
96
27
56
69
72
15
-98
-32
-18
-16
-2
-9
-56
0
0
0
0
0
-1
