10 24
59
17
56
34
30
46
12
81
72
12
69
64
67
91
-1
0
0
0
0
0
0
0
0
0
23
6
83
100
48
96
79
57
59
29
1
27
85
97
0
-1
0
0
0
0
0
0
0
0
0
50
90
14
97
4
66
48
96
70
20
77
70
63
0
0
-1
0
0
0
0
0
0
0
25
76
46
80
92
37
45
34
35
92
85
27
12
100
0
0
0
-1
0
0
0
0
0
0
18
15
96
3
17
3
88
24
38
38
97
45
36
21
0
0
0
0
-1
0
0
0
0
0
99
24
35
80
87
3
91
62
96
11
80
71
98
75
0
0
0
0
0
-1
0
0
0
0
50
78
48
10
85
94
46
51
61
33
3
13
61
24
0
0
0
0
0
0
-1
0
0
0
38
50
58
13
95
86
84
44
70
58
30
56
4
62
0
0
0
0
0
0
0
-1
0
0
37
3
79
45
15
32
57
9
51
74
55
71
20
52
0
0
0
0
0
0
0
0
-1
0
18
85
19
64
98
45
95
91
79
76
16
21
93
72
0
0
0
0
0
0
0
0
0
-1
