10 20
-16
68
98
71
88
56
-77
-64
43
75
-85
93
-14
-22
0
0
0
0
0
0
-23
52
-20
-68
45
-91
59
-57
81
90
43
100
24
-80
0
0
0
0
0
0
37
31
70
21
5
5
-64
22
-44
-56
53
41
68
0
0
0
0
0
0
0
86
44
4
81
-11
89
-93
20
-72
-74
-94
8
91
-50
0
0
0
0
0
0
1
-99
2
95
-20
69
-24
92
-95
-15
39
66
3
-18
1
0
0
0
0
0
86
-25
68
0
-47
96
18
6
-72
34
-56
-21
61
18
0
-1
0
0
0
0
-75
-20
14
-38
91
-4
-39
52
-35
25
52
-65
47
23
0
0
-1
0
0
0
72
12
44
25
59
85
32
64
31
15
53
83
88
3
0
0
0
1
0
0
50
21
91
57
32
52
79
95
22
16
56
93
79
24
0
0
0
0
1
0
65
40
49
20
55
65
55
93
96
24
10
10
39
17
0
0
0
0
0
1
