97
37
-53
24
58
-37
16
64
52
13
46
54
64
91
0
0
0
0
0
0
47
85
-89
86
-7
48
95
-59
-95
-18
37
99
-30
57
0
0
0
0
0
0
76
-25
-21
55
98
39
100
54
52
34
25
56
70
-18
0
0
0
0
0
0
29
-88
-46
-5
-98
-2
14
92
67
18
82
34
-7
-5
0
0
0
0
0
0
56
100
74
58
81
75
98
82
81
84
67
66
55
84
1
0
0
0
0
0
17
-61
-45
-9
12
43
-53
-64
42
62
60
-49
72
66
0
1
0
0
0
0
24
-38
6
-51
-98
45
55
77
-10
91
-59
-82
57
91
0
0
1
0
0
0
64
71
89
-23
-1
-97
33
100
-63
42
-23
59
-58
-38
0
0
0
1
0
0
-93
99
34
-11
64
43
60
-10
35
-79
35
78
100
-62
0
0
0
0
1
0
-29
-71
-43
-65
56
89
-13
44
97
-34
-9
69
-4
87
0
0
0
0
0
-1
