10 20
2
47
28
-57
86
-91
-40
-30
76
77
69
12
17
12
0
0
0
0
0
0
-29
-1
-45
81
59
-33
-38
56
20
86
51
-49
86
57
0
0
0
0
0
0
22
54
99
68
-77
5
75
-4
-87
-41
-60
-16
73
22
0
0
0
0
0
0
-80
78
21
15
20
42
57
-98
12
99
-56
4
92
-70
0
0
0
0
0
0
55
76
99
99
55
85
93
81
92
85
98
95
52
75
1
0
0
0
0
0
-24
77
-9
-90
41
73
-10
76
90
-60
1
61
62
-31
0
1
0
0
0
0
88
-82
-2
-96
75
59
-66
62
79
87
31
-4
-31
-54
0
0
1
0
0
0
90
99
93
62
7
-6
-42
-93
89
58
-88
68
91
-83
0
0
0
1
0
0
-66
-30
89
76
-40
-46
22
42
43
-54
-6
12
-49
25
0
0
0
0
-1
0
76
49
-55
28
70
23
88
-51
-84
28
24
30
-47
26
0
0
0
0
0
-1
