10 20
-58
25
56
97
26
-82
3
-38
-94
24
62
85
-18
-23
0
0
0
0
0
0
-43
-28
-67
5
26
99
70
37
79
-40
34
90
23
19
0
0
0
0
0
0
-4
72
-66
2
29
-47
-27
-51
77
3
37
69
95
-18
0
0
0
0
0
0
61
-29
49
35
0
96
91
-71
74
97
40
44
-35
-12
0
0
0
0
0
0
74
67
63
51
90
59
59
88
50
62
61
64
50
75
1
0
0
0
0
0
-68
13
33
-95
71
42
1
-32
-6
63
97
-50
67
-15
0
1
0
0
0
0
20
15
88
-13
46
-40
-57
96
-65
85
-57
99
82
20
0
0
1
0
0
0
62
-37
10
9
58
36
-14
90
93
-11
29
-43
62
74
0
0
0
1
0
0
1
-25
66
4
75
-35
44
-1
-82
0
-49
92
20
-24
0
0
0
0
-1
0
19
-46
72
-74
13
55
-4
-49
-20
5
65
-34
-33
56
0
0
0
0
0
-1
