10 24
69
78
13
32
9
48
24
45
23
54
9
18
68
70
-1
0
0
0
0
0
0
0
0
0
35
56
92
1
33
22
13
84
93
9
8
54
41
96
0
-1
0
0
0
0
0
0
0
0
64
70
90
36
99
34
71
13
60
78
33
63
73
41
0
0
-1
0
0
0
0
0
0
0
43
48
24
3
71
35
60
12
54
3
7
6
66
17
0
0
0
-1
0
0
0
0
0
0
39
0
0
17
53
78
82
8
17
56
70
26
34
82
0
0
0
0
-1
0
0
0
0
0
24
9
57
63
18
39
49
88
86
58
34
1
15
45
0
0
0
0
0
-1
0
0
0
0
85
39
32
29
16
86
16
84
10
26
29
21
10
91
0
0
0
0
0
0
-1
0
0
0
27
30
88
14
51
62
60
60
53
15
80
21
50
30
0
0
0
0
0
0
0
-1
0
0
75
85
75
31
79
94
40
100
89
55
77
53
69
29
0
0
0
0
0
0
0
0
-1
0
58
64
4
45
91
43
20
29
87
67
56
0
48
73
0
0
0
0
0
0
0
0
0
-1
