10 20
-22
51
47
-23
-46
100
-52
-98
58
96
97
-32
-93
89
0
0
0
0
0
0
22
83
79
60
28
43
2
-5
-45
42
-12
94
-57
65
0
0
0
0
0
0
7
34
100
4
-78
53
12
53
59
78
7
-51
-11
-9
0
0
0
0
0
0
-20
-25
58
43
-42
-72
-14
21
9
-97
98
14
-25
78
0
0
0
0
0
0
66
64
64
96
87
89
67
73
60
88
51
65
85
99
1
0
0
0
0
0
6
42
34
68
64
13
-40
-100
-80
71
-73
93
33
-70
0
1
0
0
0
0
88
61
-47
-61
-85
34
5
-65
-61
57
49
43
70
31
0
0
-1
0
0
0
91
-10
29
-83
-4
57
41
19
-79
8
-4
-65
73
19
0
0
0
1
0
0
96
-27
59
-96
-2
-33
77
54
-78
-61
62
-14
35
-40
0
0
0
0
-1
0
-45
99
-35
-8
-14
-62
57
-70
21
73
80
-90
-52
77
0
0
0
0
0
1
