10 24
57
67
33
47
25
58
10
50
33
49
41
65
52
38
-1
0
0
0
0
0
0
0
0
0
1
31
52
9
70
9
16
2
95
68
94
88
82
63
0
-1
0
0
0
0
0
0
0
0
70
75
42
47
49
3
78
18
98
57
97
100
29
35
0
0
-1
0
0
0
0
0
0
0
69
75
81
90
62
40
84
10
51
17
1
4
44
57
0
0
0
-1
0
0
0
0
0
0
41
65
73
90
13
70
73
37
96
92
77
19
16
18
0
0
0
0
-1
0
0
0
0
0
87
38
81
55
93
79
96
70
63
39
12
26
45
45
0
0
0
0
0
-1
0
0
0
0
39
15
55
54
42
65
85
84
0
61
55
63
47
53
0
0
0
0
0
0
-1
0
0
0
0
87
81
42
89
34
54
16
12
85
91
73
41
1
0
0
0
0
0
0
0
-1
0
0
87
10
88
77
70
59
39
48
66
75
13
23
79
82
0
0
0
0
0
0
0
0
-1
0
74
29
20
12
25
26
60
63
97
28
77
49
96
59
0
0
0
0
0
0
0
0
0
-1
