-57
4
7
1
90
25
-34
92
-7
74
5
-20
60
95
0
0
0
0
0
0
9
-16
43
65
-71
60
68
-51
52
-4
44
5
-66
32
0
0
0
0
0
0
58
32
54
83
-44
-26
66
-1
16
65
50
-77
-12
-55
0
0
0
0
0
0
-71
-56
75
41
-46
33
53
10
-37
-63
92
-13
78
65
0
0
0
0
0
0
76
82
71
72
73
91
80
65
88
72
91
88
74
53
1
0
0
0
0
0
-45
70
51
12
100
-68
29
75
-85
68
-9
65
46
22
0
-1
0
0
0
0
-11
96
79
77
-24
-93
62
3
-74
-84
70
0
-87
32
0
0
-1
0
0
0
-42
-14
37
73
28
100
3
64
0
-41
68
-88
86
-76
0
0
0
1
0
0
12
37
32
80
-85
-9
-6
11
68
-38
16
44
100
-75
0
0
0
0
-1
0
93
51
32
-63
-18
10
-2
77
79
-34
-29
-75
75
46
0
0
0
0
0
-1
