-90
76
44
100
-71
-85
85
75
69
79
-84
-25
-47
1
0
0
0
0
0
0
23
96
69
75
-95
57
-99
29
83
77
-98
31
72
-45
0
0
0
0
0
0
-17
20
41
27
-100
22
48
0
53
97
62
-33
-60
61
0
0
0
0
0
0
73
82
32
13
23
15
14
50
-66
86
92
-13
-91
41
0
0
0
0
0
0
-67
25
20
-11
45
-36
79
-53
-6
-87
6
22
60
61
-1
0
0
0
0
0
-2
69
-22
-79
4
41
40
97
93
6
-100
-66
76
10
0
1
0
0
0
0
44
97
51
-15
9
-84
-17
31
-33
52
-37
-74
-74
60
0
0
1
0
0
0
40
49
73
86
55
5
16
82
16
26
79
7
54
91
0
0
0
1
0
0
37
78
92
61
31
48
49
80
86
56
99
48
96
27
0
0
0
0
1
0
56
51
80
61
50
19
96
21
39
38
27
62
69
93
0
0
0
0
0
1
