37
38
72
41
5
26
5
26
98
88
94
77
0
15
-1
0
0
0
0
0
0
0
0
0
43
16
52
2
70
44
76
62
93
32
63
75
57
52
0
-1
0
0
0
0
0
0
0
0
53
98
25
60
73
32
87
33
69
86
83
85
26
87
0
0
-1
0
0
0
0
0
0
0
67
63
12
76
16
0
87
1
77
74
36
95
31
83
0
0
0
-1
0
0
0
0
0
0
56
2
79
90
5
61
59
16
71
90
25
34
77
11
0
0
0
0
-1
0
0
0
0
0
67
90
55
95
2
43
59
63
7
8
10
96
64
20
0
0
0
0
0
-1
0
0
0
0
36
50
19
55
3
11
15
68
15
21
26
31
21
34
0
0
0
0
0
0
-1
0
0
0
21
35
25
95
30
6
68
94
42
13
52
22
13
39
0
0
0
0
0
0
0
-1
0
0
29
23
46
26
66
1
3
39
92
98
26
98
69
53
0
0
0
0
0
0
0
0
-1
0
49
80
54
19
2
12
36
3
76
78
28
94
70
96
0
0
0
0
0
0
0
0
0
-1
