-71
37
-63
37
39
20
72
61
27
-56
-100
64
98
-89
0
0
0
0
0
0
-16
68
53
-32
93
0
51
-54
-88
-62
-57
64
-33
39
0
0
0
0
0
0
61
22
69
-98
75
-31
2
75
86
-2
54
-16
-86
51
0
0
0
0
0
0
-9
-12
-27
28
-9
96
75
-66
20
-37
94
6
-89
-15
0
0
0
0
0
0
100
80
84
78
77
50
69
92
62
65
58
63
79
76
1
0
0
0
0
0
-90
-46
8
-44
-17
4
26
100
53
83
30
79
63
-100
0
-1
0
0
0
0
73
-74
89
-54
29
53
89
61
11
-85
-37
37
-7
-33
0
0
1
0
0
0
-43
-46
60
45
-95
82
-47
30
26
67
66
-73
81
55
0
0
0
1
0
0
59
-83
-82
-97
50
76
90
1
72
76
-70
97
43
47
0
0
0
0
-1
0
-82
29
20
-64
90
84
59
43
11
42
97
46
96
59
0
0
0
0
0
-1
