-76
-52
95
61
74
97
-31
-24
23
-56
79
60
52
-65
0
0
0
0
0
0
47
77
-2
-86
60
6
77
-98
5
-31
0
5
83
73
0
0
0
0
0
0
72
-51
72
58
33
51
-79
2
-46
-76
42
-69
90
5
0
0
0
0
0
0
-40
76
74
-37
86
88
83
-36
-14
72
-70
-11
-77
71
0
0
0
0
0
0
68
70
56
98
67
63
77
95
87
95
57
91
64
63
1
0
0
0
0
0
-26
43
23
33
30
-61
-12
-48
66
51
-73
58
-3
-14
0
-1
0
0
0
0
78
66
-41
-29
68
29
34
-9
58
38
-18
-48
-22
-2
0
0
1
0
0
0
-83
100
92
2
99
35
71
-31
64
-74
88
-26
-98
29
0
0
0
1
0
0
36
22
43
-62
21
-37
18
-7
45
-59
66
95
-52
78
0
0
0
0
1
0
83
54
14
56
34
-85
-100
20
5
-39
-48
-71
10
82
0
0
0
0
0
-1
