10 20
39
12
-16
50
42
80
-61
88
41
-47
82
65
-20
28
0
0
0
0
0
0
6
-95
-59
-90
49
-29
56
74
-86
28
100
61
24
54
0
0
0
0
0
0
89
-98
99
-83
68
11
49
-5
79
10
-46
-10
79
-67
0
0
0
0
0
0
41
97
20
6
-100
-78
-44
-68
75
68
52
-26
56
18
0
0
0
0
0
0
71
71
50
76
52
70
69
57
76
53
67
82
87
85
1
0
0
0
0
0
21
-81
30
56
17
-3
53
87
42
45
38
41
-96
79
0
-1
0
0
0
0
-60
73
-28
76
-34
-69
83
14
74
-52
18
96
-68
-32
0
0
-1
0
0
0
68
-4
-12
37
63
28
-21
46
-93
-11
20
78
-59
-65
0
0
0
1
0
0
19
-11
21
26
100
-4
-85
53
81
4
-93
-65
-5
70
0
0
0
0
-1
0
-61
96
-74
19
51
96
-12
48
53
-75
38
-14
-18
49
0
0
0
0
0
1
