-85
-82
10
-28
13
-2
91
30
87
-98
92
7
27
-44
0
0
0
0
0
0
-99
-68
-16
56
-11
34
95
-8
-49
48
74
15
38
-7
0
0
0
0
0
0
-10
36
51
61
70
-25
-55
28
70
71
12
-16
-59
-77
0
0
0
0
0
0
91
51
6
54
-64
-68
16
2
-84
-5
-97
98
76
55
0
0
0
0
0
0
67
49
-11
32
-16
72
99
25
87
53
14
-76
98
-38
1
0
0
0
0
0
-87
10
-34
37
60
44
-14
66
-98
45
57
98
100
-37
0
-1
0
0
0
0
-47
86
-83
-30
56
45
-66
77
-99
54
-73
50
79
76
0
0
-1
0
0
0
8
67
2
48
19
85
19
62
6
20
67
5
85
50
0
0
0
1
0
0
19
0
68
7
70
2
86
4
1
76
76
80
4
90
0
0
0
0
1
0
93
65
40
67
27
78
49
21
98
38
93
37
98
55
0
0
0
0
0
1
