-25
62
61
-18
69
59
37
10
-38
-45
69
0
49
-43
0
0
0
0
0
0
-9
-42
89
32
30
42
4
16
73
-53
-60
-11
-7
-56
0
0
0
0
0
0
-64
-64
12
60
58
-87
-10
77
79
68
-12
-23
93
-50
0
0
0
0
0
0
100
-33
-90
11
86
-21
-16
83
-6
39
30
15
17
85
0
0
0
0
0
0
51
89
58
95
55
100
81
81
52
97
87
93
88
56
1
0
0
0
0
0
-94
38
64
-91
19
-58
-24
85
-25
60
99
100
-79
-28
0
-1
0
0
0
0
-44
53
-100
-17
94
77
-11
-12
27
15
28
-46
97
-55
0
0
1
0
0
0
-96
-42
81
-39
92
-43
40
69
82
7
88
-96
23
-59
0
0
0
-1
0
0
46
46
92
-36
36
48
14
21
16
-96
51
-80
25
33
0
0
0
0
-1
0
-79
-86
-20
24
27
95
-39
-69
81
-78
76
90
91
-56
0
0
0
0
0
-1
