10 20
-48
51
-44
94
97
86
-62
32
74
6
-32
24
68
48
0
0
0
0
0
0
78
77
-26
68
27
-87
85
92
-76
-79
-84
-7
49
-80
0
0
0
0
0
0
95
-72
63
-68
68
41
-77
-63
-65
65
55
-53
-77
95
0
0
0
0
0
0
-44
-41
97
38
-32
-95
50
85
-14
-76
38
86
77
-98
0
0
0
0
0
0
52
65
77
71
93
84
80
88
70
74
71
78
74
73
1
0
0
0
0
0
84
58
27
-7
45
85
88
86
21
63
65
-49
42
17
0
1
0
0
0
0
99
-45
-3
-79
-58
88
59
-69
-16
27
-10
15
-46
47
0
0
-1
0
0
0
-52
-70
41
47
50
-17
-86
86
-76
61
32
-52
76
-2
0
0
0
-1
0
0
12
46
-92
-4
64
-28
64
60
-38
33
-5
21
11
9
0
0
0
0
-1
0
25
-38
77
27
26
-40
95
-58
-63
40
15
-26
33
23
0
0
0
0
0
-1
