10 20
-93
89
-75
-96
64
63
55
92
-27
82
-42
36
77
-10
0
0
0
0
0
0
89
7
-53
-45
-35
-23
98
66
-5
-95
90
-44
31
-7
0
0
0
0
0
0
-45
-51
55
-2
7
-87
82
-49
97
25
28
91
82
57
0
0
0
0
0
0
51
11
26
68
9
45
-11
81
-89
90
-41
-19
-73
81
0
0
0
0
0
0
-44
59
1
66
55
24
21
-3
-12
30
34
77
52
-64
1
0
0
0
0
0
-19
-35
-14
52
-76
0
-70
12
96
48
-46
51
94
-94
0
1
0
0
0
0
7
14
-96
48
-79
-11
23
89
55
57
-6
25
98
-52
0
0
1
0
0
0
57
65
8
92
94
80
43
17
34
61
45
76
37
5
0
0
0
1
0
0
15
42
28
89
81
46
27
80
1
6
91
2
88
86
0
0
0
0
1
0
27
59
59
85
27
75
33
34
21
10
99
70
70
66
0
0
0
0
0
1
