10 20
-38
39
77
1
-21
18
73
9
-4
-16
65
49
76
67
0
0
0
0
0
0
-77
-15
-33
95
86
88
-39
12
7
-18
-15
87
19
54
0
0
0
0
0
0
8
84
40
0
86
-86
-79
60
88
43
-88
-35
35
-97
0
0
0
0
0
0
47
58
-1
40
73
24
-93
18
-60
77
79
-83
15
-34
0
0
0
0
0
0
57
98
65
88
81
84
66
55
55
98
91
69
67
93
1
0
0
0
0
0
91
-98
57
-47
-96
55
79
13
43
32
4
11
88
-12
0
1
0
0
0
0
30
50
-88
-9
-26
-64
80
53
66
100
9
69
-9
45
0
0
1
0
0
0
-76
-20
42
-53
42
8
-60
74
-12
66
-26
20
77
-78
0
0
0
1
0
0
91
83
54
41
-54
-37
71
27
96
11
22
48
-52
-91
0
0
0
0
-1
0
61
-89
22
-62
14
-20
63
-85
54
61
-30
-32
77
10
0
0
0
0
0
-1
