71
81
-48
79
-59
87
99
86
52
20
95
95
60
10
0
0
0
0
0
0
-31
95
41
-70
65
100
-61
51
-55
98
-69
-20
-37
82
0
0
0
0
0
0
-95
36
79
82
95
-29
82
-59
76
76
71
28
82
70
0
0
0
0
0
0
-77
27
-85
-23
65
96
-73
-38
2
79
-54
6
-4
100
0
0
0
0
0
0
67
74
59
71
57
59
73
92
94
57
67
59
60
59
1
0
0
0
0
0
27
3
15
61
9
98
-32
-52
-14
-15
-10
22
32
56
0
-1
0
0
0
0
38
21
-51
88
-73
-47
-92
40
-72
74
-34
92
25
64
0
0
-1
0
0
0
18
-30
51
-56
61
83
96
-22
58
-52
-7
84
-32
-95
0
0
0
-1
0
0
85
-75
13
64
-24
-37
-10
78
53
49
-52
55
-1
-93
0
0
0
0
-1
0
-6
18
81
70
44
-49
39
-48
91
-75
-29
-7
64
68
0
0
0
0
0
1
