10 20
5
-58
-67
-66
96
16
3
-72
59
93
-8
-71
63
76
0
0
0
0
0
0
12
-6
-34
-5
60
51
59
53
79
-60
6
-10
-14
97
0
0
0
0
0
0
72
49
-43
71
-32
69
63
57
98
39
66
59
-87
1
0
0
0
0
0
0
52
-81
21
81
36
29
23
89
-15
-4
3
66
-13
-10
0
0
0
0
0
0
-69
41
82
59
5
38
-6
87
-44
79
64
41
11
38
-1
0
0
0
0
0
-31
49
44
73
30
5
-46
-60
80
-9
-22
-17
93
31
0
-1
0
0
0
0
36
48
100
-45
21
17
-51
66
22
-72
25
93
-41
62
0
0
1
0
0
0
65
39
99
15
58
32
46
42
7
14
73
47
40
29
0
0
0
1
0
0
57
20
15
65
50
19
86
69
25
2
84
14
72
0
0
0
0
0
1
0
6
14
69
56
41
12
10
77
13
13
22
3
95
7
0
0
0
0
0
1
