92
74
69
56
44
85
58
63
39
23
10
66
1
89
-1
0
0
0
0
0
0
0
0
0
48
31
11
0
58
32
34
78
33
90
38
65
48
32
0
-1
0
0
0
0
0
0
0
0
2
67
36
82
88
36
76
61
78
100
60
81
70
38
0
0
-1
0
0
0
0
0
0
0
57
30
35
16
45
79
6
10
28
98
2
49
79
96
0
0
0
-1
0
0
0
0
0
0
31
14
24
44
76
91
37
73
30
38
66
74
59
33
0
0
0
0
-1
0
0
0
0
0
52
56
69
29
14
94
24
87
30
42
49
59
69
25
0
0
0
0
0
-1
0
0
0
0
92
37
53
8
31
23
79
82
54
43
88
33
24
64
0
0
0
0
0
0
-1
0
0
0
62
51
36
92
58
92
0
62
56
57
21
74
39
66
0
0
0
0
0
0
0
-1
0
0
69
57
12
12
33
17
22
70
58
31
25
87
94
62
0
0
0
0
0
0
0
0
-1
0
0
87
56
14
70
65
15
67
40
6
63
9
7
2
0
0
0
0
0
0
0
0
0
-1
