83
60
-47
-24
-2
32
69
-44
88
-51
-95
-11
-25
65
0
0
0
0
0
0
-12
-14
87
40
14
-65
22
5
-19
17
17
-44
7
54
0
0
0
0
0
0
23
-61
35
75
84
-39
30
60
59
-36
-34
76
-76
41
0
0
0
0
0
0
93
17
29
18
42
-39
70
-82
-45
-26
94
-1
97
44
0
0
0
0
0
0
15
-5
66
97
79
-60
-88
75
-26
-45
66
2
-10
-71
1
0
0
0
0
0
26
-4
59
12
-18
47
17
-56
-71
-36
39
-30
77
21
0
-1
0
0
0
0
-10
65
24
-75
28
30
-34
55
36
16
65
-31
64
61
0
0
1
0
0
0
19
71
26
62
25
32
18
14
58
92
79
28
32
98
0
0
0
1
0
0
20
84
86
50
94
10
39
37
34
32
16
13
44
59
0
0
0
0
1
0
14
31
74
34
79
24
41
13
9
92
48
23
20
5
0
0
0
0
0
1
