-2
68
80
60
1
3
45
5
16
78
-79
93
-57
89
0
0
0
0
0
0
5
26
40
84
-49
84
-47
49
-92
17
70
15
37
97
0
0
0
0
0
0
20
89
-92
-13
-60
83
54
-87
28
-32
-10
12
82
49
0
0
0
0
0
0
41
81
79
-48
96
94
60
4
-44
-45
13
46
-70
69
0
0
0
0
0
0
63
19
-63
28
-100
26
27
14
58
-64
-50
-17
85
53
-1
0
0
0
0
0
31
40
-11
23
78
-8
88
-52
10
-79
-74
0
70
-91
0
-1
0
0
0
0
12
-86
-5
12
-8
26
-94
16
44
84
34
-8
84
48
0
0
-1
0
0
0
29
81
29
44
50
90
39
92
10
60
92
41
13
99
0
0
0
1
0
0
9
60
49
32
68
9
70
10
45
41
84
86
85
32
0
0
0
0
1
0
92
9
4
26
36
47
43
74
59
26
48
67
14
83
0
0
0
0
0
1
