10 24
51
74
64
21
93
4
30
35
88
89
85
56
58
56
-1
0
0
0
0
0
0
0
0
0
36
49
27
91
80
33
31
78
60
93
76
25
93
78
0
-1
0
0
0
0
0
0
0
0
61
77
100
84
11
53
87
48
6
29
20
42
87
61
0
0
-1
0
0
0
0
0
0
0
90
11
40
42
40
29
21
99
44
0
78
48
4
85
0
0
0
-1
0
0
0
0
0
0
63
6
58
78
23
77
56
19
21
37
82
90
14
67
0
0
0
0
-1
0
0
0
0
0
38
89
46
5
70
86
45
88
95
20
51
81
81
35
0
0
0
0
0
-1
0
0
0
0
94
9
49
2
88
80
17
81
90
94
66
48
34
23
0
0
0
0
0
0
-1
0
0
0
5
0
3
19
46
53
71
97
5
21
94
16
4
92
0
0
0
0
0
0
0
-1
0
0
17
35
95
88
30
27
61
71
72
23
47
56
25
63
0
0
0
0
0
0
0
0
-1
0
88
75
22
64
85
62
94
24
8
64
62
65
26
63
0
0
0
0
0
0
0
0
0
-1
