-24
41
-73
-2
52
49
69
20
36
-89
66
42
82
-63
0
0
0
0
0
0
31
-91
65
72
92
-50
99
-70
-19
77
22
61
34
-48
0
0
0
0
0
0
64
59
-35
28
32
-44
1
57
-65
26
75
-82
-20
43
0
0
0
0
0
0
-10
7
82
-65
83
9
-44
30
-7
76
87
-1
33
92
0
0
0
0
0
0
54
-2
-34
36
-77
6
10
59
36
-6
82
-13
46
-56
1
0
0
0
0
0
-49
55
55
85
46
55
70
-81
16
57
-2
33
-71
-27
0
1
0
0
0
0
86
79
18
13
42
100
46
-70
-95
66
-82
-54
100
-54
0
0
-1
0
0
0
19
30
28
8
65
39
70
40
100
91
40
80
39
90
0
0
0
1
0
0
60
79
20
19
48
55
75
40
74
7
84
19
23
69
0
0
0
0
1
0
93
6
79
66
0
31
33
49
52
5
33
50
29
60
0
0
0
0
0
1
