10 20
-4
81
0
-62
-49
-53
67
-37
90
57
6
15
-6
11
0
0
0
0
0
0
19
54
79
-12
-22
-15
-47
-77
71
87
46
20
-52
50
0
0
0
0
0
0
5
-57
-95
-81
53
52
-33
70
-41
52
34
-27
92
75
0
0
0
0
0
0
92
35
-60
71
36
45
60
-28
60
43
89
71
90
-85
0
0
0
0
0
0
91
79
86
76
72
75
78
99
76
63
77
67
69
72
1
0
0
0
0
0
-7
-32
78
81
-79
-10
14
-53
10
45
26
-57
-45
64
0
-1
0
0
0
0
17
85
94
-86
98
-67
70
-47
-77
97
39
-3
45
-8
0
0
-1
0
0
0
41
77
-28
35
61
-35
66
-61
72
-6
-50
-4
-9
41
0
0
0
-1
0
0
83
-18
6
65
86
-14
95
-57
27
78
32
91
-4
13
0
0
0
0
-1
0
62
42
40
-29
47
99
17
16
0
-65
-93
18
-36
-2
0
0
0
0
0
-1
