-2
90
88
45
-89
90
77
-70
-59
57
30
-93
58
-86
0
0
0
0
0
0
29
66
-77
-99
55
96
20
91
-6
-12
-56
-42
-90
41
0
0
0
0
0
0
-22
-76
82
21
57
62
54
33
46
10
4
51
-79
99
0
0
0
0
0
0
80
47
-99
15
81
76
41
5
23
-66
98
76
-89
-25
0
0
0
0
0
0
26
-1
-30
-9
68
28
75
-42
-40
42
-62
20
43
-60
1
0
0
0
0
0
-24
54
49
-2
-15
86
-7
54
-38
22
76
-87
-84
87
0
1
0
0
0
0
88
-78
28
-93
57
59
-40
73
75
88
62
-12
77
-58
0
0
1
0
0
0
77
24
18
6
44
52
52
35
13
19
75
22
33
8
0
0
0
1
0
0
36
80
49
53
75
10
84
42
96
66
74
39
65
37
0
0
0
0
1
0
15
22
34
38
58
19
44
7
86
96
44
15
77
37
0
0
0
0
0
1
