-66
11
-86
73
23
9
39
55
-80
72
40
-17
-65
26
0
0
0
0
0
0
-36
80
53
52
50
30
35
37
31
-96
-92
23
22
-92
0
0
0
0
0
0
-51
-50
-11
-62
48
-25
-72
85
76
-11
30
84
-40
32
0
0
0
0
0
0
51
27
59
-29
14
70
-43
59
88
-98
21
-6
-56
-17
0
0
0
0
0
0
87
83
58
64
55
95
77
90
96
80
55
72
70
89
1
0
0
0
0
0
97
44
50
-52
-24
-90
-28
98
4
-70
1
85
28
15
0
-1
0
0
0
0
-84
69
-70
-30
-8
-21
-73
47
91
84
22
45
-37
79
0
0
1
0
0
0
-41
66
36
-35
40
22
41
62
-81
56
69
-64
13
-26
0
0
0
-1
0
0
18
-70
-53
30
-33
73
14
60
-43
-1
75
78
17
3
0
0
0
0
-1
0
-13
76
95
62
35
-9
-81
-59
11
81
-31
98
71
22
0
0
0
0
0
-1
