-86
76
-24
33
59
99
76
64
13
-81
75
39
-61
11
0
0
0
0
0
0
-72
96
95
31
-2
78
29
21
-57
-87
-91
99
84
-11
0
0
0
0
0
0
-60
42
-80
-26
-7
29
-1
64
-8
41
-77
-16
61
42
0
0
0
0
0
0
-8
42
5
36
-10
-10
-78
26
3
-67
-58
56
41
22
0
0
0
0
0
0
68
62
50
61
83
68
67
81
92
90
53
87
52
62
1
0
0
0
0
0
97
-22
90
-60
18
-39
-9
95
73
-80
26
-76
62
-86
0
-1
0
0
0
0
-73
11
-44
96
78
84
-53
87
83
-35
-73
71
-88
-46
0
0
-1
0
0
0
100
-68
-67
50
18
34
69
-99
-71
52
93
93
-56
-63
0
0
0
-1
0
0
-16
54
25
-85
-28
90
-67
-24
-14
62
-31
77
-41
69
0
0
0
0
1
0
89
11
94
4
-33
87
65
75
-25
59
70
-20
-29
80
0
0
0
0
0
-1
