39
-68
-1
59
21
-56
-68
-51
69
44
88
-46
4
-28
0
0
0
0
0
0
-6
19
81
-99
74
-76
100
80
-28
17
-74
53
-42
-10
0
0
0
0
0
0
89
-61
73
20
-50
37
-75
-29
4
53
-5
48
74
68
0
0
0
0
0
0
-41
12
4
-37
90
26
-17
-11
-96
-83
68
41
93
8
0
0
0
0
0
0
-65
95
-11
-30
83
-19
34
78
-61
21
33
86
81
-45
1
0
0
0
0
0
21
-98
96
-28
6
-42
63
41
56
85
87
79
53
-52
0
-1
0
0
0
0
-60
97
16
-12
-27
49
-100
-3
49
-12
14
75
47
-11
0
0
-1
0
0
0
48
100
31
60
17
37
98
43
90
2
52
77
97
17
0
0
0
1
0
0
12
27
69
97
81
16
89
60
78
16
41
16
89
15
0
0
0
0
1
0
9
76
59
69
45
70
83
62
19
20
36
59
34
74
0
0
0
0
0
1
