10 20
-17
-70
93
-13
58
-88
45
1
-10
74
83
-51
-21
-52
0
0
0
0
0
0
-13
-39
-83
32
82
-28
97
97
59
45
56
-9
-26
10
0
0
0
0
0
0
-13
-36
0
74
37
57
2
14
86
29
-87
100
33
78
0
0
0
0
0
0
3
47
-32
14
60
-1
-87
55
11
35
26
33
-18
76
0
0
0
0
0
0
93
-84
-28
-78
-26
-61
79
48
78
49
49
-63
74
45
-1
0
0
0
0
0
0
-66
80
85
1
43
-58
-39
38
94
-24
49
-71
-46
0
-1
0
0
0
0
51
-68
83
-92
-16
64
-51
63
-6
-91
65
60
17
46
0
0
1
0
0
0
-33
-89
-24
-98
-96
-86
-19
-96
-59
-10
-42
-54
-14
-73
0
0
0
-1
0
0
45
56
57
52
86
9
50
49
8
60
56
96
6
89
0
0
0
0
1
0
97
0
76
70
47
1
60
54
47
29
16
26
50
11
0
0
0
0
0
1
