10 24
49
9
53
80
54
75
21
10
27
8
8
50
90
52
-1
0
0
0
0
0
0
0
0
0
52
41
80
2
37
94
45
85
59
95
19
32
26
59
0
-1
0
0
0
0
0
0
0
0
40
30
92
100
73
48
28
55
50
99
40
64
90
14
0
0
-1
0
0
0
0
0
0
0
30
93
56
11
26
43
89
44
54
25
91
10
55
33
0
0
0
-1
0
0
0
0
0
0
18
90
74
54
23
76
58
75
21
16
71
91
41
87
0
0
0
0
-1
0
0
0
0
0
35
70
36
51
20
42
66
87
69
23
51
53
40
15
0
0
0
0
0
-1
0
0
0
0
44
96
38
92
36
58
73
33
9
96
96
61
59
86
0
0
0
0
0
0
-1
0
0
0
84
10
44
8
6
4
82
97
85
26
56
30
74
1
0
0
0
0
0
0
0
-1
0
0
63
81
51
3
97
36
90
58
7
71
68
57
8
68
0
0
0
0
0
0
0
0
-1
0
5
55
25
37
53
72
8
44
15
91
74
8
16
17
0
0
0
0
0
0
0
0
0
-1
